1
2
7
12
14
15
17
19
21
24
25
28
38
44
45
52
53
58
62
65
68
73
76
78
79
80
81
84
85
86
89
90
96
97
100
105
107
109
110
117
121
125
126
129
130
133
137
138
139
141
145
146
152
156
157
160
169
172
176
179
181
182
183
184
190
192
195
196
197
199
201
203
204
207
208
210
213
217
223
225
228
233
234
238
244
248
252
259
263
264
265
267
268
274
275
276
277
278
280
282
285
291
292
293
302
306
308
310
312
313
315
316
318
319
320
322
324
328
332
334
335
336
338
341
345
346
347
349
350
351
354
356
357
374
375
384
385
386
391
392
393
398
406
412
414
417
420
421
427
428
429
431
432
442
444
445
446
447
449
450
451
453
454
455
456
459
466
468
469
471
473
478
482
484
487
489
491
494
495
496
497
501
504
506
507
511
517
518
521
523
524
525
528
535
537
540
543
544
545
551
569
570
573
586
587
590
596
597
600
602
603
604
612
615
616
621
623
626
633
634
635
638
639
640
643
644
652
654
655
662
663
668
669
676
691
696
698
699
702
703
705
714
716
719
721
725
726
727
733
736
737
738
739
742
743
745
749
752
761
763
764
766
767
774
781
783
787
789
792
794
799
801
802
804
805
807
808
811
814
815
818
824
829
840
842
843
844
848
851
856
858
861
862
868
871
873
874
875
884
889
895
896
902
905
909
921
926
927
932
934
938
939
950
953
956
958
961
963
964
966
968
970
971
975
982
984
987
990
991
992
995
