0.1393706E+00 0.7400978E+06
0.1395068E+00 0.7400978E+06
0.1397686E+00 0.7409152E+06
0.1400178E+00 0.7404230E+06
0.1402407E+00 0.7389766E+06
0.1404268E+00 0.7457343E+06
0.1405893E+00 0.7427422E+06
0.1407302E+00 0.7348517E+06
0.1408511E+00 0.7400883E+06
0.1409528E+00 0.7437717E+06
0.1410363E+00 0.7446397E+06
0.1411028E+00 0.7455036E+06
0.1411529E+00 0.7463706E+06
0.1411858E+00 0.7479427E+06
0.1412024E+00 0.7486038E+06
0.1412106E+00 0.7482915E+06
0.1412174E+00 0.7481511E+06
0.1412206E+00 0.7479891E+06
0.1412187E+00 0.7477232E+06
0.1412132E+00 0.7470908E+06
0.1412043E+00 0.7467198E+06
0.1411920E+00 0.7463868E+06
0.1411759E+00 0.7462161E+06
0.1411554E+00 0.7458602E+06
0.1411291E+00 0.7455228E+06
0.1410958E+00 0.7448299E+06
0.1410537E+00 0.7436789E+06
0.1409994E+00 0.7435604E+06
0.1409307E+00 0.7429130E+06
0.1408470E+00 0.7425348E+06
0.1407475E+00 0.7419814E+06
0.1406313E+00 0.7397704E+06
0.1404959E+00 0.7388065E+06
0.1403382E+00 0.7378608E+06
0.1401559E+00 0.7371320E+06
0.1399465E+00 0.7364618E+06
0.1397078E+00 0.7359930E+06
0.1394374E+00 0.7354675E+06
0.1391331E+00 0.7348798E+06
0.1387931E+00 0.7333950E+06
0.1383995E+00 0.7324366E+06
0.1379490E+00 0.7306172E+06
0.1374582E+00 0.7243534E+06
0.1368973E+00 0.7263003E+06
0.1362593E+00 0.7354338E+06
0.1355727E+00 0.7340472E+06
0.1348081E+00 0.7339048E+06
0.1339556E+00 0.7352888E+06
0.1330376E+00 0.7365964E+06
0.1320545E+00 0.7380432E+06
0.1310070E+00 0.7367461E+06
0.1298966E+00 0.7363649E+06
0.1287245E+00 0.7363361E+06
0.1274919E+00 0.7357252E+06
0.1262016E+00 0.7348106E+06
0.1248553E+00 0.7339999E+06
0.1234555E+00 0.7307253E+06
0.1220027E+00 0.7286599E+06
0.1204996E+00 0.7203212E+06
0.1189411E+00 0.7152621E+06
0.1173139E+00 0.7301779E+06
0.1156300E+00 0.7327559E+06
0.1139106E+00 0.7330268E+06
0.1121572E+00 0.7385023E+06
0.1103735E+00 0.7394056E+06
0.1085661E+00 0.7397955E+06
0.1067351E+00 0.7414126E+06
0.1048814E+00 0.7433265E+06
0.1030094E+00 0.7452705E+06
0.1011245E+00 0.7428931E+06
0.9922467E-01 0.7440663E+06
0.9730796E-01 0.7451280E+06
0.9537910E-01 0.7460741E+06
0.9344270E-01 0.7465233E+06
0.9150217E-01 0.7443882E+06
0.8955531E-01 0.7454015E+06
0.8760040E-01 0.7468986E+06
0.8564303E-01 0.7464672E+06
0.8368650E-01 0.7451175E+06
0.8172763E-01 0.7455114E+06
0.7976599E-01 0.7460700E+06
0.7780537E-01 0.7457911E+06
0.7584757E-01 0.7451417E+06
0.7389184E-01 0.7443968E+06
0.7193709E-01 0.7442605E+06
0.6998460E-01 0.7432672E+06
0.6803501E-01 0.7424350E+06
0.6608703E-01 0.7423527E+06
0.6414187E-01 0.7419909E+06
0.6220160E-01 0.7412922E+06
0.6026620E-01 0.7409406E+06
0.5833596E-01 0.7403101E+06
0.5641175E-01 0.7397458E+06
0.5449383E-01 0.7393571E+06
0.5258340E-01 0.7382847E+06
0.5068072E-01 0.7381930E+06
0.4878700E-01 0.7380431E+06
0.4690545E-01 0.7377685E+06
0.4503816E-01 0.7376342E+06
0.4318744E-01 0.7374792E+06
0.4135605E-01 0.7373681E+06
0.3954695E-01 0.7372829E+06
0.3776384E-01 0.7368458E+06
0.3601008E-01 0.7368010E+06
0.3429030E-01 0.7364827E+06
0.3260905E-01 0.7357837E+06
0.3096930E-01 0.7348829E+06
0.2937410E-01 0.7339848E+06
0.2782753E-01 0.7325569E+06
0.2633338E-01 0.7308065E+06
0.2489667E-01 0.7290840E+06
0.2352180E-01 0.7261672E+06
0.2220899E-01 0.7227860E+06
0.2095759E-01 0.7189706E+06
0.1976771E-01 0.7143489E+06
0.1863882E-01 0.7087683E+06
0.1756879E-01 0.7040772E+06
0.1655805E-01 0.7019503E+06
0.1560678E-01 0.7006773E+06
0.1471354E-01 0.6999134E+06
0.1387792E-01 0.7005321E+06
0.1309959E-01 0.7026572E+06
0.1237897E-01 0.7061702E+06
0.1171845E-01 0.7109532E+06
0.1112074E-01 0.7157746E+06
0.1058440E-01 0.7198485E+06
0.1010585E-01 0.7248174E+06
0.9682413E-02 0.7303423E+06
0.9311475E-02 0.7351751E+06
0.8991543E-02 0.7360948E+06
0.8721447E-02 0.7311010E+06
0.8495177E-02 0.7265224E+06
0.8304209E-02 0.7189589E+06
0.8141901E-02 0.7105589E+06
0.8009155E-02 0.7087418E+06
0.7896750E-02 0.7111717E+06
0.7791172E-02 0.7150617E+06
0.7698036E-02 0.7453706E+06
0.7619728E-02 0.8204499E+06
0.7554772E-02 0.8502415E+06
0.7512468E-02 0.8482631E+06
0.7489167E-02 0.8217103E+06
0.7472810E-02 0.7938432E+06
0.7461664E-02 0.7651884E+06
0.7454902E-02 0.7393992E+06
0.7451586E-02 0.7206147E+06
0.7450970E-02 0.7063917E+06
0.7452686E-02 0.6952663E+06
0.7456556E-02 0.6846220E+06
0.7462917E-02 0.6717267E+06
0.7472845E-02 0.6582250E+06
0.7488116E-02 0.6441610E+06
0.7510780E-02 0.6363361E+06
0.7542319E-02 0.6349498E+06
0.7583392E-02 0.6363543E+06
0.7634224E-02 0.6346109E+06
0.7695290E-02 0.6306935E+06
0.7767689E-02 0.6248039E+06
0.7853192E-02 0.6156914E+06
0.7954406E-02 0.6033764E+06
0.8074493E-02 0.5907583E+06
0.8217022E-02 0.5785285E+06
0.8385566E-02 0.5693481E+06
0.8582965E-02 0.5620685E+06
0.8812008E-02 0.5564153E+06
0.9075718E-02 0.5522306E+06
0.9376942E-02 0.5502101E+06
0.9718139E-02 0.5503739E+06
0.1010092E-01 0.5522113E+06
0.1052621E-01 0.5551326E+06
0.1099479E-01 0.5584447E+06
0.1150686E-01 0.5618936E+06
0.1206249E-01 0.5645568E+06
0.1266168E-01 0.5662115E+06
0.1330432E-01 0.5662995E+06
0.1399128E-01 0.5647969E+06
0.1472373E-01 0.5620456E+06
0.1550282E-01 0.5591952E+06
0.1632984E-01 0.5560564E+06
0.1720782E-01 0.5514621E+06
0.1813812E-01 0.5525322E+06
0.1911825E-01 0.5541056E+06
0.2014839E-01 0.5542547E+06
0.2122893E-01 0.5564919E+06
0.2236970E-01 0.5591459E+06
0.2354303E-01 0.5627112E+06
0.2473050E-01 0.5675730E+06
0.2591689E-01 0.5729485E+06
0.2709938E-01 0.5789207E+06
0.2828812E-01 0.5844152E+06
0.2948815E-01 0.5902195E+06
0.3071976E-01 0.5956986E+06
0.3197546E-01 0.6001535E+06
0.3325477E-01 0.6049183E+06
0.3455671E-01 0.6099179E+06
0.3587893E-01 0.6145992E+06
0.3721861E-01 0.6194069E+06
0.3857627E-01 0.6222390E+06
0.3995293E-01 0.6274667E+06
0.4134562E-01 0.6333080E+06
0.4275076E-01 0.6388386E+06
0.4416701E-01 0.6427441E+06
0.4559223E-01 0.6478261E+06
0.4702535E-01 0.6504144E+06
0.4846789E-01 0.6533068E+06
0.4991944E-01 0.6568471E+06
0.5137827E-01 0.6604318E+06
0.5284326E-01 0.6633317E+06
0.5431357E-01 0.6666364E+06
0.5578900E-01 0.6688375E+06
0.5727057E-01 0.6710745E+06
0.5875734E-01 0.6738778E+06
0.6024751E-01 0.6767599E+06
0.6174136E-01 0.6784360E+06
0.6324034E-01 0.6801825E+06
0.6474441E-01 0.6830412E+06
0.6625201E-01 0.6858097E+06
0.6776307E-01 0.6879089E+06
0.6927696E-01 0.6904975E+06
0.7079188E-01 0.6931763E+06
0.7230772E-01 0.6949892E+06
0.7382589E-01 0.6964100E+06
0.7534718E-01 0.6989281E+06
0.7687064E-01 0.7015805E+06
0.7839545E-01 0.7041188E+06
0.7992106E-01 0.7065145E+06
0.8144572E-01 0.7090186E+06
0.8296753E-01 0.7115918E+06
0.8448667E-01 0.7129840E+06
0.8600615E-01 0.7134226E+06
0.8752624E-01 0.7169902E+06
0.8904391E-01 0.7193784E+06
0.9055783E-01 0.7217636E+06
0.9206767E-01 0.7238116E+06
0.9357297E-01 0.7258501E+06
0.9507277E-01 0.7276573E+06
0.9656536E-01 0.7295488E+06
0.9804882E-01 0.7318496E+06
0.9952392E-01 0.7323043E+06
0.1009921E+00 0.7348631E+06
0.1024518E+00 0.7369361E+06
0.1039017E+00 0.7388790E+06
0.1053410E+00 0.7407401E+06
0.1067684E+00 0.7425473E+06
0.1081815E+00 0.7449609E+06
0.1095786E+00 0.7459918E+06
0.1109604E+00 0.7476690E+06
0.1123262E+00 0.7495460E+06
0.1136727E+00 0.7509114E+06
0.1149956E+00 0.7526406E+06
0.1162881E+00 0.7547165E+06
0.1175405E+00 0.7567311E+06
0.1187524E+00 0.7547580E+06
0.1199337E+00 0.7540528E+06
0.1210886E+00 0.7533098E+06
0.1222151E+00 0.7528717E+06
0.1233118E+00 0.7523356E+06
0.1243786E+00 0.7516049E+06
0.1254148E+00 0.7509597E+06
0.1264165E+00 0.7504995E+06
0.1273821E+00 0.7496016E+06
0.1283125E+00 0.7492429E+06
0.1292085E+00 0.7484826E+06
0.1300704E+00 0.7477326E+06
0.1308975E+00 0.7471850E+06
0.1316897E+00 0.7466404E+06
0.1324445E+00 0.7460695E+06
0.1331600E+00 0.7457260E+06
0.1338377E+00 0.7453361E+06
0.1344795E+00 0.7451673E+06
0.1350861E+00 0.7445975E+06
0.1356575E+00 0.7450923E+06
0.1361889E+00 0.7477031E+06
0.1366768E+00 0.7488713E+06
0.1371274E+00 0.7407950E+06
0.1375487E+00 0.7394999E+06
0.1379424E+00 0.7388350E+06
0.1383084E+00 0.7388908E+06
0.1386366E+00 0.7392358E+06
0.1389392E+00 0.7395983E+06
0.1392301E+00 0.7398730E+06
0.1393706E+00 0.7398730E+06