0.1505353E+00 0.7455368E+06
0.1506850E+00 0.7455368E+06
0.1509726E+00 0.7451320E+06
0.1512477E+00 0.7446856E+06
0.1514949E+00 0.7428680E+06
0.1517010E+00 0.7472539E+06
0.1518809E+00 0.7488332E+06
0.1520368E+00 0.7350634E+06
0.1521705E+00 0.7361413E+06
0.1522828E+00 0.7432749E+06
0.1523746E+00 0.7441564E+06
0.1524465E+00 0.7449834E+06
0.1524990E+00 0.7457979E+06
0.1525306E+00 0.7470391E+06
0.1525446E+00 0.7485644E+06
0.1525510E+00 0.7482276E+06
0.1525532E+00 0.7487723E+06
0.1525502E+00 0.7481228E+06
0.1525435E+00 0.7473453E+06
0.1525344E+00 0.7474927E+06
0.1525233E+00 0.7470580E+06
0.1525102E+00 0.7468584E+06
0.1524947E+00 0.7466266E+06
0.1524760E+00 0.7464073E+06
0.1524531E+00 0.7461162E+06
0.1524251E+00 0.7457740E+06
0.1523903E+00 0.7453584E+06
0.1523475E+00 0.7444676E+06
0.1522941E+00 0.7447186E+06
0.1522280E+00 0.7438428E+06
0.1521485E+00 0.7431101E+06
0.1520539E+00 0.7423248E+06
0.1519428E+00 0.7413645E+06
0.1518136E+00 0.7395000E+06
0.1516635E+00 0.7385269E+06
0.1514899E+00 0.7374855E+06
0.1512907E+00 0.7362740E+06
0.1510634E+00 0.7354713E+06
0.1507930E+00 0.7336534E+06
0.1504773E+00 0.7320557E+06
0.1501290E+00 0.7293096E+06
0.1497275E+00 0.7273473E+06
0.1492695E+00 0.7244728E+06
0.1487714E+00 0.7215804E+06
0.1481994E+00 0.7180411E+06
0.1475409E+00 0.7221774E+06
0.1468156E+00 0.7262174E+06
0.1460243E+00 0.7236297E+06
0.1451647E+00 0.7237899E+06
0.1442354E+00 0.7273659E+06
0.1432385E+00 0.7287745E+06
0.1421768E+00 0.7321027E+06
0.1410526E+00 0.7319356E+06
0.1398680E+00 0.7275222E+06
0.1386183E+00 0.7297975E+06
0.1373031E+00 0.7323465E+06
0.1359304E+00 0.7335868E+06
0.1345047E+00 0.7336832E+06
0.1330290E+00 0.7342765E+06
0.1315069E+00 0.7324784E+06
0.1299385E+00 0.7319983E+06
0.1283240E+00 0.7343403E+06
0.1266706E+00 0.7327066E+06
0.1249831E+00 0.7303672E+06
0.1232600E+00 0.7391155E+06
0.1215051E+00 0.7416863E+06
0.1197271E+00 0.7389487E+06
0.1179264E+00 0.7419270E+06
0.1161034E+00 0.7443863E+06
0.1142646E+00 0.7447357E+06
0.1124130E+00 0.7443252E+06
0.1105474E+00 0.7473304E+06
0.1086695E+00 0.7500852E+06
0.1067850E+00 0.7474353E+06
0.1048951E+00 0.7467590E+06
0.1029971E+00 0.7489034E+06
0.1010922E+00 0.7497802E+06
0.9918331E-01 0.7514861E+06
0.9727362E-01 0.7508698E+06
0.9536362E-01 0.7507158E+06
0.9345135E-01 0.7524014E+06
0.9153905E-01 0.7529505E+06
0.8962986E-01 0.7517936E+06
0.8772261E-01 0.7515965E+06
0.8581528E-01 0.7525101E+06
0.8390943E-01 0.7533000E+06
0.8200862E-01 0.7514991E+06
0.8011164E-01 0.7517429E+06
0.7821662E-01 0.7523541E+06
0.7632651E-01 0.7517831E+06
0.7444247E-01 0.7507996E+06
0.7256232E-01 0.7509790E+06
0.7068613E-01 0.7514009E+06
0.6881714E-01 0.7509899E+06
0.6695694E-01 0.7503957E+06
0.6510487E-01 0.7503723E+06
0.6326206E-01 0.7501709E+06
0.6143092E-01 0.7499051E+06
0.5961387E-01 0.7491686E+06
0.5781275E-01 0.7486345E+06
0.5602846E-01 0.7483280E+06
0.5426313E-01 0.7479736E+06
0.5251963E-01 0.7476861E+06
0.5080107E-01 0.7473577E+06
0.4911051E-01 0.7470434E+06
0.4745254E-01 0.7463443E+06
0.4582974E-01 0.7463301E+06
0.4424404E-01 0.7466182E+06
0.4270114E-01 0.7464020E+06
0.4120565E-01 0.7461255E+06
0.3976097E-01 0.7461007E+06
0.3837391E-01 0.7435027E+06
0.3704664E-01 0.7429318E+06
0.3577728E-01 0.7430377E+06
0.3457059E-01 0.7422386E+06
0.3343102E-01 0.7403161E+06
0.3235866E-01 0.7381341E+06
0.3135282E-01 0.7363999E+06
0.3041707E-01 0.7306668E+06
0.2954899E-01 0.7235343E+06
0.2873569E-01 0.7254742E+06
0.2797470E-01 0.7262581E+06
0.2727113E-01 0.7257703E+06
0.2662322E-01 0.7271511E+06
0.2603107E-01 0.7298362E+06
0.2549488E-01 0.7340912E+06
0.2501168E-01 0.7384821E+06
0.2458021E-01 0.7433524E+06
0.2419819E-01 0.7485464E+06
0.2386277E-01 0.7552607E+06
0.2357277E-01 0.7632617E+06
0.2332834E-01 0.7615189E+06
0.2312346E-01 0.7615512E+06
0.2294951E-01 0.7620776E+06
0.2280799E-01 0.7633858E+06
0.2268747E-01 0.7797240E+06
0.2257346E-01 0.7966229E+06
0.2247323E-01 0.8223781E+06
0.2238908E-01 0.8523090E+06
0.2232215E-01 0.8469952E+06
0.2228262E-01 0.7434803E+06
0.2226069E-01 0.7265917E+06
0.2224415E-01 0.6518541E+06
0.2223536E-01 0.5921726E+06
0.2223224E-01 0.5655975E+06
0.2223219E-01 0.5589889E+06
0.2223370E-01 0.5543719E+06
0.2223630E-01 0.5444159E+06
0.2224042E-01 0.5265391E+06
0.2224709E-01 0.5062609E+06
0.2225756E-01 0.4921069E+06
0.2227310E-01 0.4831281E+06
0.2229527E-01 0.4837200E+06
0.2232556E-01 0.4929192E+06
0.2236476E-01 0.5047793E+06
0.2241288E-01 0.5111608E+06
0.2247046E-01 0.5111526E+06
0.2253933E-01 0.5081181E+06
0.2262171E-01 0.5015029E+06
0.2272061E-01 0.4905685E+06
0.2283910E-01 0.4821525E+06
0.2297990E-01 0.4754035E+06
0.2314556E-01 0.4722968E+06
0.2333819E-01 0.4693276E+06
0.2356114E-01 0.4658702E+06
0.2381731E-01 0.4664249E+06
0.2410873E-01 0.4684823E+06
0.2443744E-01 0.4725708E+06
0.2480470E-01 0.4775178E+06
0.2521184E-01 0.4831613E+06
0.2565995E-01 0.4879685E+06
0.2614950E-01 0.4920568E+06
0.2668165E-01 0.4927376E+06
0.2725642E-01 0.4929236E+06
0.2787505E-01 0.4871314E+06
0.2854713E-01 0.4668186E+06
0.2927864E-01 0.4687495E+06
0.3006448E-01 0.4787335E+06
0.3090041E-01 0.4920560E+06
0.3178785E-01 0.5007183E+06
0.3272818E-01 0.5096454E+06
0.3371997E-01 0.5176376E+06
0.3476227E-01 0.5257733E+06
0.3585392E-01 0.5335722E+06
0.3700413E-01 0.5421242E+06
0.3817342E-01 0.5513723E+06
0.3934390E-01 0.5571160E+06
0.4049202E-01 0.5655177E+06
0.4161298E-01 0.5736688E+06
0.4272611E-01 0.5802900E+06
0.4383635E-01 0.5861266E+06
0.4497311E-01 0.5914489E+06
0.4612929E-01 0.5971542E+06
0.4730646E-01 0.5997567E+06
0.4850659E-01 0.6038356E+06
0.4972766E-01 0.6117502E+06
0.5096551E-01 0.6187092E+06
0.5221642E-01 0.6257886E+06
0.5347953E-01 0.6302082E+06
0.5475384E-01 0.6354297E+06
0.5603820E-01 0.6386936E+06
0.5733298E-01 0.6422266E+06
0.5863760E-01 0.6458552E+06
0.5995102E-01 0.6495747E+06
0.6127329E-01 0.6523465E+06
0.6260259E-01 0.6563124E+06
0.6393693E-01 0.6592553E+06
0.6527720E-01 0.6613540E+06
0.6662417E-01 0.6637557E+06
0.6797753E-01 0.6667722E+06
0.6933640E-01 0.6694701E+06
0.7069991E-01 0.6722620E+06
0.7206734E-01 0.6749140E+06
0.7343837E-01 0.6773466E+06
0.7481286E-01 0.6795354E+06
0.7619150E-01 0.6811989E+06
0.7757289E-01 0.6839863E+06
0.7895534E-01 0.6862988E+06
0.8034032E-01 0.6870422E+06
0.8172958E-01 0.6886351E+06
0.8312267E-01 0.6917249E+06
0.8451823E-01 0.6940077E+06
0.8591587E-01 0.6962561E+06
0.8731513E-01 0.6984492E+06
0.8871524E-01 0.7005116E+06
0.9011553E-01 0.7030112E+06
0.9151647E-01 0.7039382E+06
0.9291951E-01 0.7051630E+06
0.9432432E-01 0.7082739E+06
0.9572945E-01 0.7104985E+06
0.9713445E-01 0.7126196E+06
0.9853915E-01 0.7145763E+06
0.9994359E-01 0.7161953E+06
0.1013473E+00 0.7182355E+06
0.1027489E+00 0.7203548E+06
0.1041471E+00 0.7223204E+06
0.1055422E+00 0.7233679E+06
0.1069359E+00 0.7234221E+06
0.1083274E+00 0.7264995E+06
0.1097146E+00 0.7287707E+06
0.1110970E+00 0.7302703E+06
0.1124744E+00 0.7320555E+06
0.1138462E+00 0.7339469E+06
0.1152106E+00 0.7356637E+06
0.1165665E+00 0.7372336E+06
0.1179128E+00 0.7389715E+06
0.1192485E+00 0.7404995E+06
0.1205725E+00 0.7419653E+06
0.1218842E+00 0.7426628E+06
0.1231795E+00 0.7447353E+06
0.1244559E+00 0.7454140E+06
0.1257136E+00 0.7462570E+06
0.1269519E+00 0.7463808E+06
0.1281725E+00 0.7460849E+06
0.1293750E+00 0.7459814E+06
0.1305538E+00 0.7471140E+06
0.1317071E+00 0.7472187E+06
0.1328364E+00 0.7474464E+06
0.1339406E+00 0.7477982E+06
0.1350183E+00 0.7483396E+06
0.1360648E+00 0.7497182E+06
0.1370781E+00 0.7483646E+06
0.1380596E+00 0.7495757E+06
0.1390090E+00 0.7493678E+06
0.1399272E+00 0.7488760E+06
0.1408138E+00 0.7491717E+06
0.1416631E+00 0.7496865E+06
0.1424737E+00 0.7498283E+06
0.1432498E+00 0.7502290E+06
0.1439913E+00 0.7504839E+06
0.1446978E+00 0.7507019E+06
0.1453679E+00 0.7510051E+06
0.1459985E+00 0.7512013E+06
0.1465910E+00 0.7513803E+06
0.1471476E+00 0.7523617E+06
0.1476677E+00 0.7520398E+06
0.1481529E+00 0.7506796E+06
0.1486029E+00 0.7498307E+06
0.1490183E+00 0.7488348E+06
0.1494032E+00 0.7481067E+06
0.1497498E+00 0.7472628E+06
0.1500726E+00 0.7467423E+06
0.1503846E+00 0.7460808E+06
0.1505353E+00 0.7460808E+06