-2.300087162184744505e-03
5.192696174995183392e-03
-2.398407822601179417e-03
5.406600069852771258e-03
-2.388376058788347234e-03
5.604364027601982032e-03
-2.333746528953468524e-03
5.797833962374291002e-03
-2.258394946010668178e-03
5.970690624204299211e-03
-2.176807853124181329e-03
6.119368311009145550e-03
-1.976348606560739737e-03
6.424713238281407057e-03
-1.136115124480089906e-03
7.629600661822104335e-03
-2.193589965259418531e-04
8.859452198191373334e-03
7.801362340074181109e-04
1.011696319625554619e-02
1.870639763006034118e-03
1.140869559375511967e-02
3.060082716828537927e-03
1.274283963088325249e-02
4.354305077969413199e-03
1.412716741350956290e-02
5.756233252782155807e-03
1.556739351571415075e-02
7.265807984310055333e-03
1.706609988118970578e-02
8.880489415256691971e-03
1.862221725674879577e-02
1.059611391204424123e-02
2.023102610906819809e-02
1.240768350876421747e-02
2.188458481945740330e-02
1.431020142020122086e-02
2.357246050602086404e-02
1.629909042911880518e-02
2.528264680752839721e-02
1.837053252289683539e-02
2.700254565906684556e-02
2.052144033458928180e-02
2.871989786809541270e-02
2.274942193793615813e-02
3.042356137499633781e-02
2.505259938686125662e-02
3.210406485067031357e-02
2.742938222772483420e-02
3.375390431200134961e-02
2.987830317399211427e-02
3.536759158700693989e-02
3.239789284207991726e-02
3.694149839809397068e-02
3.498647117527231565e-02
3.847359277742335576e-02
3.764215631492070363e-02
3.996311577339020649e-02
4.036266185372025528e-02
4.141032971595421525e-02
4.314533612041435151e-02
4.281631589771478508e-02
4.598708439219253985e-02
4.418285579955866932e-02
4.822893723151500112e-02
4.521724728918881386e-02
5.039309773977692503e-02
4.618071378607122024e-02
5.282985081140022243e-02
4.722245372852947737e-02
5.551965083110477206e-02
4.832299905889460984e-02
5.844220113447969045e-02
4.946693644713459626e-02
6.157655864603739371e-02
5.064221298653063391e-02
6.490142358628420149e-02
5.183899189892883508e-02
6.839559039801058893e-02
5.304814187437721651e-02
7.203838320753214175e-02
5.425970264457707914e-02
7.580998459031290659e-02
5.546175181714549374e-02
7.969159095657746272e-02
5.664016079809913035e-02
8.366525650800452074e-02
5.777947693372890298e-02
8.771351139194305535e-02
5.886481457620690999e-02
9.181883964957816835e-02
5.988420195467037549e-02
9.596323962613091674e-02
6.083060310780164653e-02
1.001280149925858898e-01
6.170289495196439045e-02
1.042938941029537547e-01
6.250544044819510148e-02
1.084414149502626046e-01
6.324639193467211651e-02
1.125515541048543455e-01
6.393531472475273703e-02
1.166062101881366608e-01
6.458085085128205394e-02
1.205886802873813585e-01
6.518901758477146924e-02
1.244838099958428673e-01
6.576240564377004716e-02
1.282780674857693648e-01
6.630016391687473809e-02
1.319594032210616996e-01
6.679848475428117049e-02
1.355171631833462509e-01
6.725125939678970599e-02
1.389419038247028393e-01
6.765077045312352377e-02
1.422252716439173781e-01
6.798846525917744132e-02
1.453597731455992803e-01
6.825596538322863116e-02
1.483385433089761396e-01
6.844642994123767421e-02
1.511549719372561607e-01
6.855618319797378291e-02
1.529391175684985393e-01
6.858482142535840542e-02
1.538023822926786466e-01
6.858632922652825592e-02
1.546461048972259389e-01
6.857972074644935745e-02
1.554700104594194943e-01
6.856540891991812214e-02
1.562738316808129080e-01
6.854388721933687978e-02
1.570572996300008406e-01
6.851571774622909616e-02
1.578201387519048149e-01
6.848152888122810422e-02
1.585620786661852410e-01
6.844200975876608972e-02
1.592828475007670719e-01
6.839789877980224919e-02
1.599821747461133148e-01
6.834997436100538615e-02
1.606598198039705661e-01
6.829904530129415896e-02
1.613155202595540350e-01
6.824593719913497891e-02
1.619490487628103548e-01
6.819148216484950675e-02
1.625601912115671177e-01
6.813650369610467494e-02
1.631487539162609357e-01
6.808180709922254104e-02
1.637145494443326965e-01
6.802816882933167275e-02
1.642574290165224327e-01
6.797632260916366964e-02
1.647772732758768510e-01
6.792694937176055325e-02
1.652739735517615438e-01
6.788067523211707699e-02
1.657474760237628575e-01
6.783805567259014457e-02
1.661977288032638611e-01
6.779957878798814619e-02
1.662809879164922899e-01
6.778925185769278661e-02
1.663630325623635386e-01
6.777215161650830544e-02
1.664432699366251156e-01
6.774838525379794918e-02
1.665211442955191190e-01
6.771809783219465140e-02
1.665961317792931662e-01
6.768147640473620719e-02
1.666676826159035063e-01
6.763875275452065072e-02
1.667353165053476471e-01
6.759019601879737160e-02
1.667985696813732155e-01
6.753611717861456032e-02
1.668569779253639973e-01
6.747686674162846343e-02
1.669101586317493502e-01
6.741283122258727445e-02
1.669577410683483476e-01
6.734443558802434560e-02
1.669993934935668778e-01
6.727213713478101542e-02
1.670348158505189917e-01
6.719642825157745580e-02
1.670637676736856925e-01
6.711782611582411961e-02
1.670860562218653700e-01
6.703687495648964767e-02
1.671015207016856297e-01
6.695414341944176673e-02
1.671100467505181320e-01
6.687021535566728403e-02
1.671060906455707484e-01
6.670117124691138377e-02
-2.300087162184744505e-03
5.192696174995186861e-03
-2.075810455154455340e-03
5.099733504373705519e-03
-1.870325822491450320e-03
5.108912811656154788e-03
-1.670598660987115871e-03
5.159666128293115099e-03
-1.492989930762276402e-03
5.229688001118467863e-03
-1.340707134170837644e-03
5.305536668996684024e-03
-1.018506564271817825e-03
5.497985394968324044e-03
2.901549194981459592e-04
6.311130780201487482e-03
1.661468099066512518e-03
7.185465758646134016e-03
3.109770385639052358e-03
8.125962145962468269e-03
4.650580303941389063e-03
9.141619152097109346e-03
6.296701304177596339e-03
1.024152679942451002e-02
8.055980638739754576e-03
1.143191631160265023e-02
9.930850934841660427e-03
1.271438091493094953e-02
1.191915751325721418e-02
1.408523046548064601e-02
1.401562164890986402e-02
1.553575390439071446e-02
1.621350811179784676e-02
1.705313212019203897e-02
1.850595590021634693e-02
1.862171522699026388e-02
2.088690179236944375e-02
2.022445549566173617e-02
2.335144794873026883e-02
2.184429015088578535e-02
2.589597693835532510e-02
2.346533142414547468e-02
2.851791149894843114e-02
2.507375426667005081e-02
3.121536878088683464e-02
2.665833109847330282e-02
3.398688711709176025e-02
2.821060259705023693e-02
3.683105710578726821e-02
2.972476822591611778e-02
3.974634739611853512e-02
3.119736922183095201e-02
4.273082435686029190e-02
3.262692121135214035e-02
4.578207518006329607e-02
3.401356595711728381e-02
4.889705926561258714e-02
3.535883970225350836e-02
5.207204927510974274e-02
3.666553210891803499e-02
5.530260369376951285e-02
3.793759099128901635e-02
5.858361039037197210e-02
3.917998640421239964e-02
6.190941163739982489e-02
4.039841605729479340e-02
6.527394527570887228e-02
4.159883321013881780e-02
6.867102945884014098e-02
4.278677552150407515e-02
7.209455291779286179e-02
4.396660929597764195e-02
7.553874520684680793e-02
4.514080656648325474e-02
7.899831093950371308e-02
4.630946200720593986e-02
8.246849084078716752e-02
4.747014822450709021e-02
8.594500802776888770e-02
4.861822146058118049e-02
8.942390531923173624e-02
4.974752395831947421e-02
9.290131253283583079e-02
5.085137567259146590e-02
9.637318727286980913e-02
5.192365452372621482e-02
9.983509019655315009e-02
5.295973786437878361e-02
1.032820348333471777e-01
5.395712465160970583e-02
1.067084347150114715e-01
5.491560673990336650e-02
1.101081776902559095e-01
5.583699229320949337e-02
1.134747441906641952e-01
5.672446100339077757e-02
1.168014275341321684e-01
5.758170210901215197e-02
1.200815233486808714e-01
5.841204263586959045e-02
1.233084939729209295e-01
5.921770402196391975e-02
1.264760727659184902e-01
5.999930852305477430e-02
1.295783381611097240e-01
6.075565676393457348e-02
1.326096577902075579e-01
6.148373618522905842e-02
1.355647161594843997e-01
6.217890665004149192e-02
1.384383475856221235e-01
6.283517416482667373e-02
1.412255365774710558e-01
6.344553221082162298e-02
1.439212982019230092e-01
6.400238338881387989e-02
1.465205376860116426e-01
6.449806536318156147e-02
1.490178983615300934e-01
6.492555290799753576e-02
1.514076138970454344e-01
6.527931473850361044e-02
1.536832534788178384e-01
6.555625906519201018e-02
1.551334302695653033e-01
6.569816896672195372e-02
1.558375747567811720e-01
6.575661611952891838e-02
1.565273267429869719e-01
6.580698116778969931e-02
1.572023565636904707e-01
6.584951810782894988e-02
1.578623344320939648e-01
6.588453427212209723e-02
1.585069133076155434e-01
6.591237884564959959e-02
1.591357133398250689e-01
6.593345060100422317e-02
1.597483601181914070e-01
6.594818734453253284e-02
1.603444909523184525e-01
6.595705945988036834e-02
1.609237003202007854e-01
6.596057250323998644e-02
1.614855952820269114e-01
6.595925231965237001e-02
1.620297830182241272e-01
6.595364150835304751e-02
1.625558490293899927e-01
6.594429488345224244e-02
1.630634009560298081e-01
6.593176854890511751e-02
1.635520265548313645e-01
6.591661330508893912e-02
1.640213293901085501e-01
6.589937135850849892e-02
1.644709076354153865e-01
6.588056496163834097e-02
1.649003573600334727e-01
6.586069556871979036e-02
1.653093123346591753e-01
6.584023166724542464e-02
1.656973739281699110e-01
6.581961542214140315e-02
1.660641736961422921e-01
6.579924933078337701e-02
1.661482746387710208e-01
6.579811036710751793e-02
1.662320940354276022e-01
6.580419238667019333e-02
1.663150480055599900e-01
6.581745506266115098e-02
1.663965394819239274e-01
6.583780877232760231e-02
1.664760003688984524e-01
6.586510941067760805e-02
1.665528827970836345e-01
6.589915866337625605e-02
1.666266268655303417e-01
6.593971308336256387e-02
1.666967202120856195e-01
6.598647592660945860e-02
1.667626802391622975e-01
6.603910563298372172e-02
1.668240439952737020e-01
6.609721646879893053e-02
1.668803757568610713e-01
6.616038003182236893e-02
1.669312909751389518e-01
6.622813163831693661e-02
1.669764235349140702e-01
6.629997308404346479e-02
1.670154747192031663e-01
6.637537360995716951e-02
1.670481669104552369e-01
6.645377756922710155e-02
1.670742807773700489e-01
6.653460853789069929e-02
1.670936260348404589e-01
6.661727542752579612e-02
1.671060906455707484e-01
6.670117124691136989e-02
