-9.973906157276734002e-04
1.051398631666537395e-02
-1.079070354728829326e-03
1.073795625685245760e-02
-1.047088653050534061e-03
1.096142544857084747e-02
-9.684473298843855344e-04
1.118570811092881728e-02
-8.704517856648532215e-04
1.138814070605455829e-02
-7.688350155678319022e-04
1.156272719560062952e-02
-5.269275400002582186e-04
1.191905733206868358e-02
4.595307458208127555e-04
1.324988566060957690e-02
1.499256913362415240e-03
1.449782523783341853e-02
2.603820347981029588e-03
1.568802408399767867e-02
3.788837341330971928e-03
1.685513154236397901e-02
5.069901151939450526e-03
1.803492724311633183e-02
6.459509758631398584e-03
1.925783375520218055e-02
7.965419541401286274e-03
2.054491834817813098e-02
9.590252432397177590e-03
2.190642123476621225e-02
1.133209213535016184e-02
2.334229958652985631e-02
1.318571165333265113e-02
2.484410403661463720e-02
1.514387667325366171e-02
2.639749882572041406e-02
1.719872414937927488e-02
2.798483165392103705e-02
1.934267626127763456e-02
2.958741194537850214e-02
2.156918588510067791e-02
3.118728087219464415e-02
2.387300266453682915e-02
3.276844931293140806e-02
2.625032342613103920e-02
3.431761022527179267e-02
2.869868791097906352e-02
3.582441979086427308e-02
3.121673043035822978e-02
3.728144085262467128e-02
3.380390520828906176e-02
3.868384806080350791e-02
3.646017884277923116e-02
4.002899845982429983e-02
3.918558388306960655e-02
4.131600405007074261e-02
4.197996262793472766e-02
4.254532924191228860e-02
4.484250140053502171e-02
4.371856743908242998e-02
4.777153972049967556e-02
4.483830770779732161e-02
5.076432258410955300e-02
4.590811655718227136e-02
5.312631067636843646e-02
4.670655776675152610e-02
5.540666118135099960e-02
4.744174823784180761e-02
5.797333550044654615e-02
4.822707149529723014e-02
6.080427760263661108e-02
4.904679653565251901e-02
6.387611374043536405e-02
4.989003982296019712e-02
6.716429860152521580e-02
5.074989454626555041e-02
7.064363993824870902e-02
5.162188483421214363e-02
7.428914485924928424e-02
5.250186699154418823e-02
7.807691411924592984e-02
5.338385672541853810e-02
8.198485099165866985e-02
5.425840198352730598e-02
8.599298241194851256e-02
5.511218693805561286e-02
9.008317660771900104e-02
5.592922387985376637e-02
9.423837156413787663e-02
5.669346417556789947e-02
9.844152894031547862e-02
5.739205933067412918e-02
1.026747274763923218e-01
5.801816955164924849e-02
1.069187224395851954e-01
5.857230233166823424e-02
1.111531556924833519e-01
5.906167413669428934e-02
1.153573283943864491e-01
5.949779077065833061e-02
1.195113600310071245e-01
5.989308154621580949e-02
1.235971705412598765e-01
6.025766028650332562e-02
1.275992353370219989e-01
6.059709114277092579e-02
1.315047074601902732e-01
6.091160589618596632e-02
1.353031700998394427e-01
6.119663892786058462e-02
1.389859521396498709e-01
6.144424685507181294e-02
1.425454331825362631e-01
6.164482210943685037e-02
1.459743265224338060e-01
6.178871457089214758e-02
1.492652330046885245e-01
6.186757505938732943e-02
1.524103434219043485e-01
6.187545451795721518e-02
1.554014377020737914e-01
6.180975460107197839e-02
1.582299484286712188e-01
6.167205225559890813e-02
1.600210101388463424e-01
6.154318434384038750e-02
1.608871970838500476e-01
6.146870912950774812e-02
1.617334164359960913e-01
6.138816087353304862e-02
1.625593562550403937e-01
6.130207619512800798e-02
1.633647239799381479e-01
6.121104834612380030e-02
1.641492400919461470e-01
6.111571515290030454e-02
1.649126273970847045e-01
6.101675739277708649e-02
1.656546308587911465e-01
6.091489192297467464e-02
1.663750004090383261e-01
6.081086235975603077e-02
1.670735057453573980e-01
6.070543143406116615e-02
1.677499493738287273e-01
6.059937065948436952e-02
1.684041250262995060e-01
6.049345411739129319e-02
1.690358662646891941e-01
6.038844686180424443e-02
1.696450277618090086e-01
6.028509453374740479e-02
1.702314850600434859e-01
6.018411668813582888e-02
1.707951218562157314e-01
6.008620080954083648e-02
1.713358619492759694e-01
5.999198938830935940e-02
1.718536545654379410e-01
5.990207409731339999e-02
1.723484569717342318e-01
5.981699761899590684e-02
1.728202751788247837e-01
5.973723722858759189e-02
1.732691115937258775e-01
5.966321464775326683e-02
1.733518712223592606e-01
5.964623617823228835e-02
1.734329021549089744e-01
5.962248026470393092e-02
1.735116159403204406e-01
5.959210815515107035e-02
1.735874620924386103e-01
5.955531898632172166e-02
1.736599273227912577e-01
5.951235298768896287e-02
1.737284737942984270e-01
5.946349960166433246e-02
1.737926336324386034e-01
5.940908051413194141e-02
1.738519639503268988e-01
5.934945953017717324e-02
1.739060207476633979e-01
5.928503971739422507e-02
1.739544443565027299e-01
5.921625357808289747e-02
1.739968942576055611e-01
5.914356977414933492e-02
1.740330682645358229e-01
5.906748488004644887e-02
1.740627020161643057e-01
5.898852660995033970e-02
1.740855908256071782e-01
5.890724008055248095e-02
1.741015830882304272e-01
5.882419192864433294e-02
1.741105624592775569e-01
5.873996758031698601e-02
1.741124593869951553e-01
5.865516186518166669e-02
1.740950047384063615e-01
5.848621870793452998e-02
-9.973906157276528003e-04
1.051398631666534966e-02
-7.685349330207664120e-04
1.044640018687623129e-02
-5.494283257422947087e-04
1.048743821299385343e-02
-3.329129066287937278e-04
1.057038532605479760e-02
-1.386182256885642658e-04
1.066830081390758751e-02
2.891075489972372466e-05
1.076686403939597185e-02
3.844261420115445546e-04
1.100150798999654372e-02
1.804633264731262451e-03
1.188091142801156117e-02
3.258607577881890947e-03
1.268239942154520371e-02
4.771496253231500943e-03
1.345338431748477337e-02
6.371172501671837352e-03
1.424894714283751404e-02
8.081518911896824753e-03
1.511786242856588691e-02
9.918413856503065576e-03
1.609389336473835905e-02
1.188858971944579956e-02
1.719250819233883107e-02
1.399066296749673297e-02
1.841196036208341685e-02
1.621735676114895858e-02
1.973706731162162831e-02
1.855816748945498043e-02
2.114406017988309724e-02
2.100168295526530851e-02
2.260526515535376396e-02
2.353733512037778017e-02
2.409290232200362800e-02
2.615637426379738631e-02
2.558172922500796809e-02
2.885236377793214124e-02
2.705055786920993952e-02
3.162111603957012268e-02
2.848286090031262180e-02
3.446035189703789553e-02
2.986671289020895181e-02
3.736929656342875827e-02
3.119429049522907255e-02
4.034807034357118516e-02
3.246119033774701179e-02
4.339719916202086636e-02
3.366569741459107812e-02
4.651697606592796602e-02
3.480820046387314570e-02
4.970702420467303095e-02
3.589078374825890871e-02
5.296582732047295378e-02
3.691706268171741218e-02
5.629042558734234647e-02
3.789216980764130438e-02
5.967625263632957838e-02
3.882278109522901977e-02
6.311716949847416547e-02
3.971703515967119763e-02
6.660570842999173624e-02
4.058418737197305032e-02
7.013343976457728224e-02
4.143396447509122699e-02
7.369156054451864168e-02
4.227560486033646314e-02
7.727140970805577991e-02
4.311676812735868586e-02
8.086503645815136532e-02
4.396247583801023845e-02
8.446555389197391017e-02
4.481438929171296937e-02
8.806730456751288294e-02
4.567057025919231406e-02
9.166578428004401591e-02
4.652587408321307710e-02
9.525734258728782433e-02
4.737290682639055950e-02
9.883873364668832595e-02
4.820338991315159527e-02
1.024066145256452010e-01
4.900964981688739341e-02
1.059571075747464813e-01
4.978591169585542403e-02
1.094855151935462401e-01
5.052913787006250296e-02
1.129862375859887885e-01
5.123923538552111606e-02
1.164529233293314647e-01
5.191862429254034267e-02
1.198787546960436295e-01
5.257129783518771360e-02
1.232568671377750474e-01
5.320159101992931461e-02
1.265807337407820754e-01
5.381296096035037557e-02
1.298444600100066848e-01
5.440700570890713572e-02
1.330429235554159983e-01
5.498290066382409413e-02
1.361717739327273635e-01
5.553730002389212911e-02
1.392272007357870378e-01
5.606465538455317199e-02
1.422057088237585476e-01
5.655782655416159710e-02
1.451036891057127243e-01
5.700883971704729519e-02
1.479171633830742572e-01
5.740965309923412585e-02
1.506415059942181889e-01
5.775287567565354219e-02
1.532712456543549318e-01
5.803239184233835446e-02
1.557999867082584255e-01
5.824393176321384508e-02
1.582204621992683580e-01
5.838557955853686254e-02
1.605245557323742855e-01
5.845822142133865612e-02
1.619916445118987636e-01
5.847015942800259242e-02
1.627034819357808804e-01
5.846586521821092036e-02
1.634003677646876651e-01
5.845512733927977350e-02
1.640819480049419965e-01
5.843828997510914364e-02
1.647478708893997112e-01
5.841573478801304758e-02
1.653977821895206146e-01
5.838787165783036748e-02
1.660312971366416090e-01
5.835514643014803882e-02
1.666480500856084568e-01
5.831802907832956545e-02
1.672476943921245573e-01
5.827700580928776158e-02
1.678298454882838908e-01
5.823258911004589033e-02
1.683941416999141516e-01
5.818529775979518204e-02
1.689402254040528462e-01
5.813565794880207194e-02
1.694677229515112182e-01
5.808420077330485320e-02
1.699762878909083508e-01
5.803145067000850532e-02
1.704655552412929209e-01
5.797792435077571416e-02
1.709351784428523591e-01
5.792412710849882684e-02
1.713848057043262096e-01
5.787054381076110754e-02
1.718140836425187112e-01
5.781764225282167574e-02
1.722226936084941817e-01
5.776585739575432199e-02
1.726102839033531178e-01
5.771560670072332228e-02
1.729765275064383545e-01
5.766727242108790619e-02
1.730607889110959419e-01
5.765970162611532002e-02
1.731453625408445607e-01
5.765932960756613157e-02
1.732296596467959027e-01
5.766616034371981753e-02
1.733130733012837321e-01
5.768015056988744921e-02
1.733950211223675431e-01
5.770120189585531412e-02
1.734749366404659821e-01
5.772916140911447946e-02
1.735522382184967183e-01
5.776383355229647298e-02
1.736263837547354361e-01
5.780496678823360962e-02
1.736968605954913869e-01
5.785226406140027422e-02
1.737631693192565885e-01
5.790538327507199073e-02
1.738248351496736455e-01
5.796393908097066672e-02
1.738814339036477141e-01
5.802750622300895111e-02
1.739325538073480948e-01
5.809562524009084794e-02
1.739778467127880979e-01
5.816779901836420519e-02
1.740169900804448277e-01
5.824350403740268661e-02
1.740497118948585997e-01
5.832219084713928525e-02
1.740757712185694306e-01
5.840329242708837409e-02
1.740950047384063615e-01
5.848621870793452998e-02
