叶型库8-PCA5维优化结果    叶型库8-KPCA5维优化结果
0.000000000000000000e+00    0.000000000000000000e+00
0.000000000000000000e+00    0.000000000000000000e+00
-8.167973900115592552e-05    -8.073806978568493322e-05
2.239699401870836465e-04    2.211406624464433087e-04
-4.969803732286066054e-05    -5.477959171018503224e-05
4.474391319054735194e-04    4.174500526595247268e-04
2.894328584328786577e-05    1.528467100104309080e-05
6.717217942634433336e-04    6.058804118947429696e-04
1.269388300628201786e-04    1.043399227360900699e-04
8.741543893891843414e-04    7.720924714133198859e-04
2.285556001598414979e-04    1.976591183911108383e-04
1.048740878935255569e-03    9.137012140869562237e-04
4.704630757274151816e-04    4.221057168885532793e-04
1.405071015403309628e-03    1.201873312956040210e-03
1.456921361548486156e-03    1.356832458369332814e-03
2.735899343944202949e-03    2.335024638497619140e-03
2.496647529090088857e-03    2.369846854895346459e-03
3.983838921168044583e-03    3.486883324310410207e-03
3.601210963708702771e-03    3.467562601142960485e-03
5.174037767332304721e-03    4.659634264003629893e-03
4.786227957058645545e-03    4.658751467336076993e-03
6.341145225698605059e-03    5.859150674298207150e-03
6.067291767667124143e-03    5.951979659823446352e-03
7.520940926450957881e-03    7.092956045642652939e-03
7.456900374359072201e-03    7.353695318198039468e-03
8.743847438536806599e-03    8.368325851971633242e-03
8.962810157128959024e-03    8.867276467001559276e-03
1.003093203151275703e-02    9.690719869952593019e-03
1.058764304812485034e-02    1.049287240385530368e-02
1.139243491810083830e-02    1.106271640422994834e-02
1.232948275107783459e-02    1.222786526715442801e-02
1.282831326986448237e-02    1.248345465396558801e-02
1.418310226906032388e-02    1.406772413956207737e-02
1.433011771994926326e-02    1.394856648140459232e-02
1.614126728898133620e-02    1.600682647223800048e-02
1.588351250905504011e-02    1.545053950242560384e-02
1.819611476510694936e-02    1.803934984973473710e-02
1.747084533725566310e-02    1.697937809971438936e-02
2.034006687700530905e-02    2.015976307731585579e-02
1.907342562871312819e-02    1.852348444966448598e-02
2.256657650082835240e-02    2.236324393857063580e-02
2.067329455552927020e-02    2.007060968747901783e-02
2.487039328026450363e-02    2.464572582654791719e-02
2.225446299626603411e-02    2.160878375282746303e-02
2.724771404185871368e-02    2.700392545875025460e-02
2.380362390860641872e-02    2.312709395310895422e-02
2.969607852670673800e-02    2.943520668346248648e-02
2.531043347419889913e-02    2.461625139923453304e-02
3.221412104608590427e-02    3.193737866738814019e-02
2.676745453595929733e-02    2.606890493110170307e-02
3.480129582401673277e-02    3.450853601737619014e-02
2.816986174413813396e-02    2.747970268563069279e-02
3.745756945850690217e-02    3.714692134243068738e-02
2.951501214315892588e-02    2.884514679728740136e-02
4.018297449879727756e-02    3.985069608677829778e-02
3.080201773340536867e-02    3.016334750509857068e-02
4.297735324366239867e-02    4.261792328254120771e-02
3.203134292524691118e-02    3.143370019765821116e-02
4.583989201626269272e-02    4.544634514943802356e-02
3.320458112241705950e-02    3.265665086103372583e-02
4.876893033622734658e-02    4.833340592434441640e-02
3.432432139113195113e-02    3.383349124945522063e-02
5.176171319983722402e-02    5.127616474237739475e-02
3.539413024051689394e-02    3.496624677576043450e-02
5.412370129209610747e-02    5.359418051811603440e-02
3.619257145008615562e-02    3.581634839934682429e-02
5.640405179707867062e-02    5.582903375306993293e-02
3.692776192117643019e-02    3.660202607775665806e-02
5.897072611617421717e-02    5.834190710673772817e-02
3.771308517863185272e-02    3.744372385499316475e-02
6.180166821836428209e-02    6.111174765156433819e-02
3.853281021898714853e-02    3.832361448821171995e-02
6.487350435616304201e-02    6.411708107451551120e-02
3.937605350629481971e-02    3.922797284686316277e-02
6.816168921725289376e-02    6.733605994390995386e-02
4.023590822960017299e-02    4.014647542862601753e-02
7.164103055397638697e-02    7.074666012770455814e-02
4.110789851754677315e-02    4.107103641760596890e-02
7.528653547497696219e-02    7.432700833969459187e-02
4.198788067487881082e-02    4.199426556153325329e-02
7.907430473497360779e-02    7.805569235318703114e-02
4.286987040875316068e-02    4.290790360830840089e-02
8.298224160738634780e-02    8.191199724855303954e-02
4.374441566686193550e-02    4.380166630491327123e-02
8.699037302767619051e-02    8.587604059513796739e-02
4.459820062139023544e-02    4.466298857643155595e-02
9.108056722344667899e-02    8.992868810521394141e-02
4.541523756318839589e-02    4.547791638340554360e-02
9.523576217986555459e-02    9.405132564145440854e-02
4.617947785890252899e-02    4.623302243442956733e-02
9.943891955604315658e-02    9.822552825887181926e-02
4.687807301400875870e-02    4.691778753214818909e-02
1.036721180921199997e-01    1.024327852174953535e-01
4.750418323498387108e-02    4.752665138590567162e-02
1.079161130553128733e-01    1.066543705344981108e-01
4.805831601500286376e-02    4.806000335758081610e-02
1.121505463082110299e-01    1.108714275070057653e-01
4.854768782002891192e-02    4.852374738864129178e-02
1.163547190101141271e-01    1.150652154924938358e-01
4.898380445399296013e-02    4.892757980060191692e-02
1.205087506467348024e-01    1.192175450215761656e-01
4.937909522955043207e-02    4.928256988878941536e-02
1.245945611569875544e-01    1.233110711604639559e-01
4.974367396983794820e-02    4.959879227034283411e-02
1.285966259527496769e-01    1.273296310633652006e-01
5.008310482610554837e-02    4.988359250541225115e-02
1.325020980759179512e-01    1.312583288193020781e-01
5.039761957952058891e-02    5.014077581443162485e-02
1.363005607155671206e-01    1.350836080506070680e-01
5.068265261119521414e-02    5.037058587231073303e-02
1.399833427553775489e-01    1.387931512458690231e-01
5.093026053840643552e-02    5.057019983830455395e-02
1.435428237982639410e-01    1.423758461617486981e-01
5.113083579277147295e-02    5.073438864993148889e-02
1.469717171381614840e-01    1.458216572617466733e-01
5.127472825422677016e-02    5.085622217497004494e-02
1.502626236204162025e-01    1.491215680948480282e-01
5.135358874272195895e-02    5.092784976650888834e-02
1.534077340376320264e-01    1.522674334713881306e-01
5.136146820129183777e-02    5.094152503980226010e-02
1.563988283178014693e-01    1.552518587057185595e-01
5.129576828440660097e-02    5.089098342552677429e-02
1.592273390443988967e-01    1.580679585306734303e-01
5.115806593893353071e-02    5.077309461584330469e-02
1.610184007545740204e-01    1.598485962312052866e-01
5.102919802717501008e-02    5.065765995469825173e-02
1.618845876995777255e-01    1.607091670828129648e-01
5.095472281284237070e-02    5.058949789163252192e-02
1.627308070517237693e-01    1.615496045726740326e-01
5.087417455686767120e-02    5.051482305605171225e-02
1.635567468707680716e-01    1.623696679983231972e-01
5.078808987846263057e-02    5.043406922205803666e-02
1.643621145956658258e-01    1.631691307560395876e-01
5.069706202945842288e-02    5.034774982341060079e-02
1.651466307076738249e-01    1.639477701527982112e-01
5.060172883623492712e-02    5.025644683093351273e-02
1.659100180128123825e-01    1.647053622421887631e-01
5.050277107611171601e-02    5.016080881291686000e-02
1.666520214745188244e-01    1.654416931384574407e-01
5.040090560630930416e-02    5.006154447570179689e-02
1.673723910247660041e-01    1.661565514447596592e-01
5.029687604309066029e-02    4.995941175185512895e-02
1.680708963610850759e-01    1.668497303515886487e-01
5.019144511739578873e-02    4.985520834918538702e-02
1.687473399895564052e-01    1.675210553149945325e-01
5.008538434281899210e-02    4.974975984483610836e-02
1.694015156420271839e-01    1.681703314013644757e-01
4.997946780072591577e-02    4.964391032128761400e-02
1.700332568804168720e-01    1.687973991529557183e-01
4.987446054513887395e-02    4.953850752193413032e-02
1.706424183775366865e-01    1.694021116216621603e-01
4.977110821708202737e-02    4.943438953650940160e-02
1.712288756757711639e-01    1.699843407373800852e-01
4.967013037147045840e-02    4.933237467544831362e-02
1.717925124719434093e-01    1.705439623383286640e-01
4.957221449287546600e-02    4.923325198715436390e-02
1.723332525650036473e-01    1.710808873414790821e-01
4.947800307164398892e-02    4.913776480770837285e-02
1.728510451811656190e-01    1.715950517300514622e-01
4.938808778064802951e-02    4.904660148131341491e-02
1.733458475874619098e-01    1.720863977149476864e-01
4.930301130233052942e-02    4.896039485053566703e-02
1.738176657945524617e-01    1.725549164783838629e-01
4.922325091192221447e-02    4.887970292929293137e-02
1.742665022094535554e-01    1.730005956899375308e-01
4.914922833108789635e-02    4.880501640784516704e-02
1.743492618380869386e-01    1.730827498751894011e-01
4.913224986156691787e-02    4.878800419839108421e-02
1.744302927706366524e-01    1.731631469519536726e-01
4.910849394803855350e-02    4.876433877609468587e-02
1.745090065560481185e-01    1.732412046995354948e-01
4.907812183848569987e-02    4.873417481966780401e-02
1.745848527081662882e-01    1.733163808932115246e-01
4.904133266965635118e-02    4.869770176680796037e-02
1.746573179385189356e-01    1.733881684768741605e-01
4.899836667102358545e-02    4.865514833564504177e-02
1.747258644100261049e-01    1.734560381763269321e-01
4.894951328499895504e-02    4.860678991958777839e-02
1.747900242481662814e-01    1.735195329772881989e-01
4.889509419746657093e-02    4.855293353801297396e-02
1.748493545660545767e-01    1.735782157220708277e-01
4.883547321351179582e-02    4.849392658335830580e-02
1.749034113633910759e-01    1.736316519918728041e-01
4.877105340072884765e-02    4.843015588225834528e-02
1.749518349722304078e-01    1.736794916205062767e-01
4.870226726141752005e-02    4.836203756487800209e-02
1.749942848733332390e-01    1.737213993794839706e-01
4.862958345748395750e-02    4.829002512958081861e-02
1.750304588802635009e-01    1.737570815127734702e-01
4.855349856338107839e-02    4.821460115307549948e-02
1.750600926318919837e-01    1.737862786776039337e-01
4.847454029328496228e-02    4.813628063255988992e-02
1.750829814413348562e-01    1.738087929286458444e-01
4.839325376388710354e-02    4.805559846408579555e-02
1.750989737039581051e-01    1.738244760722780224e-01
4.831020561197896246e-02    4.797311265571026218e-02
1.751079530750052349e-01    1.738332137289393120e-01
4.822598126365161553e-02    4.788940297458264828e-02
1.751098500027228333e-01    1.738349390254219917e-01
4.814117554851629621e-02    4.780506059644642342e-02
1.750923953541340394e-01    1.738173540649797233e-01
4.797223239126915950e-02    4.763688708296205665e-02
2.059984127722458425e-17    2.799822923231054569e-19
-2.428612866367529932e-17    3.458131297161188206e-18
2.288556827069069882e-04    2.160431932134167471e-04
-6.758612978914266267e-05    -1.107584674486687746e-04
4.479622899853786915e-04    4.215983991781340943e-04
-2.654810367152052319e-05    -1.181915854780251588e-04
6.644777090988796724e-04    6.247699097352861887e-04
5.639900938942364605e-05    -8.372166394990019321e-05
8.587723900391091344e-04    8.074500895688727477e-04
1.543144972422135636e-04    -2.826108676197180945e-05
1.026301370627397125e-03    9.653571555655995938e-04
2.528777227305979008e-04    3.505106898173024718e-05
1.381816757739217846e-03    1.302037360324294520e-03
4.875216733311697748e-04    2.008707273308049787e-04
2.802023880458935634e-03    2.672050970328438291e-03
1.366925111346187216e-03    9.057558279198337685e-04
4.255998193609564564e-03    4.109449900204012289e-03
2.168413104879829759e-03    1.666574996567851338e-03
5.768886868959174560e-03    5.628926022016617070e-03
2.939398000819399420e-03    2.487126812779143995e-03
7.368563117399510969e-03    7.246673477439973324e-03
3.734960826172140091e-03    3.375128799781699877e-03
9.078909527624497502e-03    8.976187517392288789e-03
4.603876111900512963e-03    4.338608101933937727e-03
1.091580447223073833e-02    1.082579265635021971e-02
5.579907048072985098e-03    5.383142351090757644e-03
1.288598033517347231e-02    1.279804215988505564e-02
6.678521875673457120e-03    6.510123265659347423e-03
1.498805358322440572e-02    1.489049058388400640e-02
7.897974045418042904e-03    7.716046618496158645e-03
1.721474737687663306e-02    1.709717344267792580e-02
9.223080994956254358e-03    8.992655751947117859e-03
1.955555810518265492e-02    1.941034297869921599e-02
1.063007386321772330e-02    1.032771689330270679e-02
2.199907357099298300e-02    2.182189763108189143e-02
1.209127883868839001e-02    1.170618487774380961e-02
2.453472573610545465e-02    2.432441821178546112e-02
1.357891600533825405e-02    1.311155687594816113e-02
2.715376487952506079e-02    2.691164589990712591e-02
1.506774290834259414e-02    1.452722101581832917e-02
2.984975439365981573e-02    2.957869292940085507e-02
1.653657155254456557e-02    1.593763327155151704e-02
3.261850665529779369e-02    3.232187477059065422e-02
1.796887458364724785e-02    1.732922166851159906e-02
3.545774251276556654e-02    3.513840865581247669e-02
1.935272657354357786e-02    1.869094719047534672e-02
3.836668717915642929e-02    3.802615502297460037e-02
2.068030417856369860e-02    2.001449606080706392e-02
4.134546095929885617e-02    4.098324096726443239e-02
2.194720402108163784e-02    2.129420039944099688e-02
4.439458977774853737e-02    4.400786101222844970e-02
2.315171109792570417e-02    2.252673630304421332e-02
4.751436668165563704e-02    4.709796804516114266e-02
2.429421414720777175e-02    2.371078028236349097e-02
5.070441482040070197e-02    5.025116856768365586e-02
2.537679743159353477e-02    2.484666834983266862e-02
5.396321793620062479e-02    5.346455587054604192e-02
2.640307636505203823e-02    2.593617711270747306e-02
5.728781620307001748e-02    5.673463989618789810e-02
2.737818349097593043e-02    2.698238792859661977e-02
6.067364325205724940e-02    6.005731220213415128e-02
2.830879477856364582e-02    2.798959416340599665e-02
6.411456011420184342e-02    6.342787841091090950e-02
2.920304884300582368e-02    2.896316220800044042e-02
6.760309904571941420e-02    6.684115904952132869e-02
3.007020105530767637e-02    2.990922776404283251e-02
7.113083038030496019e-02    7.029159215513332282e-02
3.091997815842585304e-02    3.083421388710201605e-02
7.468895116024631964e-02    7.377346292922280779e-02
3.176161854367108572e-02    3.174413904608705539e-02
7.826880032378345786e-02    7.728103239295384952e-02
3.260278181069331538e-02    3.264384848056555571e-02
8.186242707387904327e-02    8.080874841258130215e-02
3.344848952134486797e-02    3.353627183240333320e-02
8.546294450770158813e-02    8.435134051274176259e-02
3.430040297504759195e-02    3.442193080152486373e-02
8.906469518324056089e-02    8.790386905169392251e-02
3.515658394252693664e-02    3.529878998191521289e-02
9.266317489577169386e-02    9.146169634715392571e-02
3.601188776654770662e-02    3.616256590334892412e-02
9.625473320301550229e-02    9.502038119699941776e-02
3.685892050972518208e-02    3.700744023449271947e-02
9.983612426241600390e-02    9.857552696590637931e-02
3.768940359648621785e-02    3.782706703868466552e-02
1.034040051413728789e-01    1.021226103943345259e-01
3.849566350022201600e-02    3.861567042242543268e-02
1.069544981904741593e-01    1.056568335736145503e-01
3.927192537919005355e-02    3.936900106751090728e-02
1.104829058092739180e-01    1.091730244639902286e-01
4.001515155339713248e-02    4.008496849337950252e-02
1.139836282017164665e-01    1.126655980203550705e-01
4.072524906885574558e-02    4.076381605802853469e-02
1.174503139450591427e-01    1.161286079440431440e-01
4.140463797587497219e-02    4.140783927500368139e-02
1.208761453117713075e-01    1.195558125295412694e-01
4.205731151852233618e-02    4.202073359082232618e-02
1.242542577535027254e-01    1.229408246880364097e-01
4.268760470326393719e-02    4.260671743677226647e-02
1.275781243565097534e-01    1.262772304029526060e-01
4.329897464368499815e-02    4.316964802630916809e-02
1.308418506257343628e-01    1.295586926043010012e-01
4.389301939224175830e-02    4.371226713754040871e-02
1.340403141711436763e-01    1.327790153055612710e-01
4.446891434715871672e-02    4.423570071090120875e-02
1.371691645484550415e-01    1.359321994645889542e-01
4.502331370722675863e-02    4.473923114984199034e-02
1.402245913515147158e-01    1.390123879714148247e-01
4.555066906788779457e-02    4.522031024924681036e-02
1.432030994394862256e-01    1.420139082126060104e-01
4.604384023749621968e-02    4.567474196325917168e-02
1.461010797214404022e-01    1.449311276411089922e-01
4.649485340038192471e-02    4.609696871538812579e-02
1.489145539988019351e-01    1.477584817020055896e-01
4.689566678256874843e-02    4.648041158587346705e-02
1.516388966099458668e-01    1.504903886150550651e-01
4.723888935898816477e-02    4.681790023565554626e-02
1.542686362700826097e-01    1.531211518780734582e-01
4.751840552567297704e-02    4.710220846506722042e-02
1.567973773239861035e-01    1.556448653621827216e-01
4.772994544654847460e-02    4.732676624098213630e-02
1.592178528149960359e-01    1.580553351715597854e-01
4.787159324187148512e-02    4.748652565850781937e-02
1.615219463481019635e-01    1.603459019611004344e-01
4.794423510467328564e-02    4.757892397487523128e-02
1.629890351276264415e-01    1.618028010219689505e-01
4.795617311133722194e-02    4.760334263608658606e-02
1.637008725515085583e-01    1.625093655813166504e-01
4.795187890154554988e-02    4.760477512396237010e-02
1.643977583804153431e-01    1.632009323600193407e-01
4.794114102261440302e-02    4.759931333341733267e-02
1.650793386206696745e-01    1.638771932661419461e-01
4.792430365844377316e-02    4.758723703609039901e-02
1.657452615051273892e-01    1.645378443900383236e-01
4.790174847134767711e-02    4.756887917568455165e-02
1.663951728052482926e-01    1.651825680020236609e-01
4.787388534116499006e-02    4.754461580427527673e-02
1.670286877523692870e-01    1.658110176712654649e-01
4.784116011348266140e-02    4.751487504755472907e-02
1.676454407013361347e-01    1.664228555390883657e-01
4.780404276166419497e-02    4.748012349866305437e-02
1.682450850078522353e-01    1.670177580576953369e-01
4.776301949262239110e-02    4.744085927598044178e-02
1.688272361040115688e-01    1.675953618257792488e-01
4.771860279338051292e-02    4.739761901220294199e-02
1.693915323156418296e-01    1.681553176204879929e-01
4.767131144312980462e-02    4.735095854732739029e-02
1.699376160197805241e-01    1.686972776908694238e-01
4.762167163213669452e-02    4.730145041119792476e-02
1.704651135672388962e-01    1.692208736625839816e-01
4.757021445663947579e-02    4.724968105824366160e-02
1.709736785066360287e-01    1.697257593330797898e-01
4.751746435334312790e-02    4.719623644185448608e-02
1.714629458570205989e-01    1.702115682528433094e-01
4.746393803411033674e-02    4.714169883375227826e-02
1.719325690585800370e-01    1.706779490349099315e-01
4.741014079183344943e-02    4.708664066414951915e-02
1.723821963200538876e-01    1.711245433088589285e-01
4.735655749409573012e-02    4.703161490933991523e-02
1.728114742582463892e-01    1.715509889284553280e-01
4.730365593615630526e-02    4.697715398503123085e-02
1.732200842242218597e-01    1.719569586655182170e-01
4.725187107908894457e-02    4.692375440522245089e-02
1.736076745190807957e-01    1.723420908715114497e-01
4.720162038405795180e-02    4.687188906200499133e-02
1.739739181221660325e-01    1.727060507849961235e-01
4.715328610442252877e-02    4.682198887324751785e-02
1.740581795268236198e-01    1.727897855174152786e-01
4.714571530944994260e-02    4.681406672858925283e-02
1.741427531565722386e-01    1.728738223511539496e-01
4.714534329090075415e-02    4.681336473641264928e-02
1.742270502625235806e-01    1.729575760556459896e-01
4.715217402705444705e-02    4.681988982024502116e-02
1.743104639170114101e-01    1.730404442784887753e-01
4.716616425322207873e-02    4.683360083260880435e-02
1.743924117380952210e-01    1.731218491477273524e-01
4.718721557918993670e-02    4.685439998348927410e-02
1.744723272561936600e-01    1.732012285769981286e-01
4.721517509244910205e-02    4.688213381808942898e-02
1.745496288342243962e-01    1.732780048454455601e-01
4.724984723563109557e-02    4.691660486702609045e-02
1.746237743704631140e-01    1.733516433149282776e-01
4.729098047156823914e-02    4.695755870142646199e-02
1.746942512112190649e-01    1.734216353981603287e-01
4.733827774473489680e-02    4.700469382049739242e-02
1.747605599349842664e-01    1.734874885251009025e-01
4.739139695840662025e-02    4.705766310853670698e-02
1.748222257654013234e-01    1.735487338215065678e-01
4.744995276430528930e-02    4.711607472318255635e-02
1.748788245193753921e-01    1.736049504931042042e-01
4.751351990634357370e-02    4.717949652912783315e-02
1.749299444230757727e-01    1.736557334140070574e-01
4.758163892342547052e-02    4.724746149231114078e-02
1.749752373285157758e-01    1.737007420095646459e-01
4.765381270169882777e-02    4.731946469104825886e-02
1.750143806961725057e-01    1.737396547273132863e-01
4.772951772073731613e-02    4.739497469432914917e-02
1.750471025105862777e-01    1.737722064342363537e-01
4.780820453047390783e-02    4.747343465811153934e-02
1.750731618342971085e-01    1.737981597653626975e-01
4.788930611042299668e-02    4.755427077771153671e-02
1.750923953541340394e-01    1.738173540649797233e-01
4.797223239126915950e-02    4.763688708296204277e-02
