   2.7151341e+01   1.7885740e+01  -2.5925702e+01  -9.0872971e+00  -1.8581348e+00  -3.7575261e+00   9.0915712e-01  -8.0918228e-01   1.2220520e-01  -1.9672796e-02   8.6000000e-02
  -5.2693817e+00   2.9804550e+01  -1.3272789e+01  -4.9567087e+00  -1.0110162e+01   1.3441819e+00  -2.0624889e+00   1.6900073e+00   2.5993770e-01  -1.6286403e-01   3.4710000e-01
   1.6346489e+01  -1.3630811e+01   3.3293884e+00  -1.1484030e+01   1.1406317e+01  -3.2950870e+00   4.8336311e-01  -4.6349464e-01   1.0986195e+00  -5.8499718e-01   8.1500000e-02
   7.1939173e+00  -1.1802229e+01  -8.5925657e+00   9.4415393e+00  -9.0000129e+00  -1.8416435e+00   5.2287431e-01  -1.1112780e-01   6.2426762e-01   6.9547599e-01   7.0600000e-02
  -8.2786032e+00   2.1341253e+01   1.1351292e+01   1.3994891e+01   3.1868381e+00  -3.5847471e+00  -2.9456815e+00   7.0484902e-01   7.8463693e-02   6.6156624e-01   9.5000000e-02
  -1.9060077e+01   4.1984093e+01  -8.2006647e+00   1.2443220e+01  -7.3793795e+00  -2.0799893e+00   3.2344599e+00   1.0955204e-01   6.4746436e-01  -2.8660583e-01   9.4040000e-01
   1.6179380e+01   2.1645830e+01  -5.1938170e+00  -8.1274699e+00   1.1423193e+01   2.6662001e-01  -2.9910095e+00   9.3258030e-01  -3.3433669e-02  -5.3807200e-01   4.0000000e-02
   2.6420011e+01  -6.0114561e+00  -1.8044074e+01  -1.2517296e+01  -5.9405467e+00  -2.5143837e+00   1.8314160e+00  -9.0198803e-01  -6.0977475e-01  -2.4207363e-01   9.2100000e-02
   2.5710650e+01   3.4870162e+00   4.9862130e+00   2.2015500e+00   6.6566109e+00  -3.5357387e+00   4.3644308e+00   1.3759195e+00  -1.1401097e+00   2.8957564e-03   1.7420000e-01
   2.4025487e+01  -3.0108697e+01  -5.0438062e-01   8.9260474e+00  -5.4466249e+00  -1.6163760e-01  -1.0171371e+00   7.9279673e-01  -3.3965007e-01   2.5497728e-01   4.3300000e-02
  -6.0790606e-01   6.4425283e+00   1.5645465e+01   1.3238335e+01   2.9819031e+00  -3.7219691e+00  -3.2258000e+00   1.1519599e+00   9.2786895e-01   4.6591525e-02   7.0100000e-02
   4.2012552e-01   7.7620238e-01  -6.1461350e+00   5.1045558e+00  -1.0682555e+01  -1.7023476e+00  -6.9603208e-01   2.0648756e-01   8.5789190e-01  -4.0181462e-01   4.6400000e-02
  -1.0029332e+01  -4.4987569e+00   1.5469670e+01   1.4133800e+01   6.8643112e+00  -3.9949904e+00   1.0883845e+00   3.8862885e-01  -9.3598086e-01   6.5000164e-01   1.7760000e-01
   1.4383418e+01   3.5358878e+00  -2.8094528e+01  -1.0647292e+01  -1.1756180e+01  -8.9877250e-01   9.9141562e-01   5.3514973e-01   7.8752535e-01   4.8060549e-01   1.1390000e-01
   1.9775009e+01   3.9661498e+01  -1.3086262e+01  -1.4639334e+01   1.2394981e+01   1.2534982e+00  -1.3732918e+00   6.4280614e-01   4.2111578e-01   5.1475211e-01   8.4200000e-02
   2.3727605e+01  -3.3492808e+01  -1.4851975e+01   7.0084089e+00   1.5719160e+00   2.1451099e+00   1.8690923e+00   2.7100708e-02   7.2336909e-01  -2.4899894e-01   1.6810000e-01
   5.5895154e+00   1.6086115e+01  -3.5528905e-01  -9.2806863e+00  -6.0099425e+00  -1.4720911e+00  -3.1009454e+00  -6.8556953e-01   1.0432610e+00  -5.9812698e-01   1.5300000e-01
   1.9256153e+01   8.8432727e-01  -6.7304725e+00   4.9272398e+00  -1.3650197e+01  -1.5840816e+00  -1.9983585e+00   3.5998480e-01  -1.1059072e+00   1.0476617e-01   1.6040000e-01
  -7.6724552e+00   1.7342254e+01  -5.3593886e+00  -7.8529528e+00  -1.1869872e+01   3.5271574e-01  -7.2848087e-01   1.4637466e+00  -3.8621054e-02  -9.4360349e-02   3.4500000e-02
   4.6101847e+00   2.2409424e+01  -1.0182296e+00  -9.5031476e+00  -2.9836282e+00   3.7097219e+00   1.0925793e+00  -5.2504403e-01  -8.2113303e-01   2.0774122e-01   1.3970000e-01
  -2.4735525e+01   2.4483154e+01   1.4739889e+01   7.0084006e+00   8.5174646e+00  -2.1869746e+00   7.2887373e-03   1.2778191e+00  -5.4843605e-01  -2.7747052e-01   1.3750000e-01
  -1.7547309e+01  -2.8461807e+01  -3.3608705e+00  -6.3859446e+00  -3.7319333e+00   2.4507857e+00  -2.1977595e+00  -8.3104260e-01  -9.5434014e-02  -5.3150388e-01   2.8700000e-01
   2.0079178e+01  -1.4197662e+01  -9.9642160e+00   1.2354159e+01   4.1782961e+00   2.4366149e+00   3.2658174e+00  -9.8028743e-01   1.3816304e-01   3.7170147e-01   1.8790000e-01
   2.1013383e+01   4.6159768e+01   5.0184237e+00   5.6593001e+00  -9.2197436e-02  -1.3582467e+00  -7.5949043e-01  -1.0448355e+00  -4.7769666e-01   1.8277171e-01   1.5490000e-01
   2.5805497e+01   4.6812260e+01  -2.4184219e+00   5.9444766e+00  -1.1430497e+00  -1.5607761e+00  -3.0655063e-01   3.7062652e-01   5.2704546e-01  -5.9330824e-01   9.9600000e-02
   4.8629075e+00  -9.7348070e+00  -2.3946705e+01  -2.5890510e+00   9.7017209e-01   4.4012853e-02   3.7683747e+00   1.9527300e-01  -1.0684005e+00  -3.6874416e-01   3.0270000e-01
  -8.8205978e+00  -2.1207571e+01  -2.9002713e+00  -5.3571959e+00   1.8552599e+00   2.8225989e+00   1.1540115e-01   1.8150310e+00  -3.2675523e-01   5.3212289e-01   1.7270000e-01
   4.8686957e+00   5.0615731e+00  -8.2133160e+00   3.1845149e+00   2.4973574e+00   3.1711198e+00  -2.3106457e+00   1.1177185e+00  -1.7622734e-02   3.9213827e-01   8.1400000e-02
   2.0806608e+01   6.8440732e-01  -4.7616299e+00  -6.8181496e+00  -1.1452667e+01  -4.5349347e-01   4.0909746e+00   1.4036372e+00  -1.4612987e-01  -1.2285236e-01   9.9300000e-02
   3.3557190e+01  -5.9881987e+00  -2.4810785e+01   6.2248563e+00  -1.2874490e+01   1.4687737e+00  -3.1579975e+00   7.6268240e-01   1.1665451e-01  -4.9855386e-01   9.7300000e-02
   2.4470018e+01   7.2833913e+00   6.6366582e+00   1.0077391e+01   7.2416931e+00  -1.5155927e-01   9.1234821e-01  -9.6842224e-01   7.0311845e-01  -3.5869320e-01   3.6800000e-02
   2.9887128e+01  -2.1844622e+01  -2.4979957e+01  -1.3687422e+00  -1.3069336e+01  -2.1628056e+00   2.2354444e+00   1.7225216e+00   5.4174019e-01   3.0863499e-01   1.0010000e-01
  -1.6006136e+01   2.0521592e+01  -8.1956345e+00  -1.0743931e+01  -3.0634506e+00  -3.8619066e+00   7.0903128e-01   9.6139698e-01  -4.4239265e-01  -6.0456118e-01   1.6280000e-01
  -2.8762954e+00   3.1089265e+01   5.2747639e+00   7.5201608e+00   3.1159977e+00  -5.7068612e-01   2.9530615e+00  -7.1268328e-01  -1.2195491e+00  -2.2762103e-01   1.4120000e-01
   1.2353517e+01  -1.4580224e+00  -1.2489631e+01   9.0320416e+00  -8.8806493e+00   6.5961622e-01  -2.2484527e+00  -7.9021400e-02   1.5531158e-01  -2.3079525e-01   6.1900000e-02
   2.3164205e+01  -2.8385141e+01   3.9303005e+00   3.5070573e+00  -1.3779485e+01   8.7934835e-01   1.9904993e+00   1.3481841e+00   9.7837649e-01  -4.0543132e-01   1.1690000e-01
   2.3884427e+01  -2.1831724e+01  -1.1668024e-01   1.1559842e+01  -8.3812480e+00   7.0278298e-01  -7.8257641e-01   8.5955097e-01  -2.3098914e-01   3.0538810e-01   6.1000000e-02
   2.4004302e+01  -9.0045073e+00   1.8717138e+00   1.0217084e+01   8.8509540e+00  -4.3510617e+00  -1.1539578e+00  -2.5999831e-01   7.5721357e-01   1.7287186e-01   3.9700000e-02
   2.3784007e+01  -1.0272182e+01   4.2213698e+00   9.5640779e+00  -8.0441321e+00   2.3985299e+00  -1.7199425e+00   1.1722135e+00   2.3600965e-01   2.5816596e-01   1.2200000e-01
   2.4191589e+01  -1.0480296e+00   2.1124410e+00  -1.1735479e+00  -1.0713108e+01   3.0363414e+00  -2.5689597e+00   7.5577893e-02   6.3106347e-01  -2.8409696e-01   1.4870000e-01
   2.2605803e+01  -1.6759431e+01  -5.0031496e+00   9.1314718e+00   1.0221367e+01  -3.6784640e+00  -6.6739825e-01   1.4119679e-02  -6.2733314e-01   4.8643858e-01   1.3720000e-01
   2.3530616e+01   1.1530245e+01   8.6976900e+00   1.1812258e+01   1.0306684e+01  -2.9099865e+00   3.6212538e+00   1.0988843e+00   7.8693677e-01  -6.0812995e-01   1.0160000e-01
  -5.1879201e+00   2.9553814e+01  -5.4097426e+00  -7.0710947e+00  -1.9296660e+00  -2.7088019e+00   5.0147568e-01   8.2609384e-03   9.5775703e-01   4.1933808e-01   1.0070000e-01
   2.1991683e+01  -2.5572672e+01   4.7318209e-01   5.1896592e+00   1.1626736e+01  -3.8631714e+00  -1.5561415e+00   1.6816839e+00   7.3960216e-01   2.1798548e-02   9.4100000e-02
   2.7032975e+01  -2.7222075e+01  -1.6708121e+00   6.5079522e+00  -2.4343525e+00  -2.5473009e+00  -2.2914170e+00  -9.8780220e-01  -4.5839727e-01   1.2528569e-02   4.2600000e-02
  -1.4425323e+01  -8.3201014e-01  -3.8289925e+00  -1.4881835e+01  -5.9441465e-01  -1.2814802e+00  -1.9037280e+00   8.6261377e-01   1.7519179e-01  -6.4551602e-02   4.2500000e-02
  -1.0910558e+01   4.8408469e+00  -5.6434551e+00  -1.5527774e+01  -1.4159890e+01   3.3951130e+00  -1.2612230e+00   1.6952033e-01   4.9715068e-01  -4.8963524e-01   4.0520000e-01
  -6.4832555e+00   1.4910133e+01  -2.0318263e+00  -9.1445716e+00  -4.9142833e+00  -3.9688361e+00   8.8349619e-01   7.2703454e-01  -2.9826966e-01   3.6304658e-01   9.2000000e-02
  -2.4365400e+00   4.2768717e+00  -2.3147542e+00  -2.6683861e+00  -8.2089190e+00  -9.9987373e-02   1.8855436e+00   1.8167000e+00   3.4156811e-01   5.5883445e-01   9.1700000e-02
  -8.9470037e+00   5.7211662e+00  -5.5952662e+00  -8.0666905e+00  -3.9047067e-01  -2.1375609e+00  -1.2176219e+00   1.6652104e+00  -1.8738516e-01   5.2969289e-02   9.5500000e-02
   5.4450157e+00  -2.1932248e+00  -7.1126334e+00   7.2838686e+00  -8.8461121e+00   3.2269489e-01  -8.8866691e-01  -6.3610884e-01   2.9288274e-01  -5.8372680e-01   3.8000000e-02
   2.4517915e+01  -6.6391551e+00   1.9081006e+00   1.1954407e+01   8.7558599e+00   2.4179976e-03  -1.7309213e+00  -5.8648437e-01   9.5467503e-01  -1.5041545e-01   4.6800000e-02
  -7.3177735e+00   2.3402874e+01  -2.0257502e+00  -5.3532804e+00  -1.3603324e+01  -2.5894783e+00  -1.8352092e+00   7.2726570e-01  -2.8578819e-02  -7.6661947e-02   8.9100000e-02
  -1.7565134e+01  -1.1378130e+01  -4.6033909e+00  -1.5944700e+01   5.9138442e+00   5.9304027e-01  -1.0229459e-01  -8.0235995e-01  -1.9910219e-01   3.0072321e-02   2.8010000e-01
  -1.0283919e+01   1.1998223e+01  -6.8642951e-01  -6.9670848e+00  -8.1356698e+00  -7.4286075e-01  -8.1203860e-01   1.3636548e+00   1.4965854e-01  -5.9101763e-02   4.4600000e-02
   1.2313673e+01  -2.9389840e-01   3.7661432e+00   9.9113381e+00   5.0563181e+00  -1.0899039e+00  -1.2995276e+00  -2.6219511e-01   9.4572978e-01  -4.7778872e-01   3.8000000e-02
   5.2645917e+00   1.4784330e+00  -4.8307654e+00   1.3704557e+01  -5.7993035e+00  -5.4627432e-01  -2.3835081e+00   9.3974557e-02   1.0987636e+00   4.8018009e-03   8.7900000e-02
   2.1857605e+01  -1.8486738e+01   5.5331928e+00   9.3028807e+00  -2.3060287e-01  -1.7463376e+00  -1.7274154e+00  -6.7291287e-01   8.8694899e-01   2.0453972e-01   6.7900000e-02
  -4.9259901e+00   2.0354645e+01  -1.6674377e+00  -1.2999647e+01  -2.6725026e+00  -1.1206917e+00   4.2272620e-01   9.0912896e-01  -2.5370398e-01  -7.6780239e-02   6.3800000e-02
   1.9141726e+01   8.8797625e+00  -3.9996944e+00   4.4177197e+00   7.6251955e+00   2.3283436e+00  -8.6118393e-02   2.0589900e-01   8.5655007e-01   1.0543840e-01   6.2300000e-02
  -1.5687774e+01  -1.5487729e+00   5.9147128e-01  -1.3854962e+01  -3.3240749e-01  -3.9997570e+00   3.6995533e-02   1.6764635e+00  -3.1555272e-02  -6.1468231e-01   1.7300000e-01
   1.8028020e+01   1.0562698e+01  -6.3634202e+00   1.8620909e+00   4.1458426e+00   5.0795200e-01  -1.0658242e+00   2.9330248e-01   3.4808711e-01  -5.0341641e-01   3.5900000e-02
   2.4754032e+01   3.6758580e+00   4.1576559e-01   9.0653984e+00   9.1497012e+00  -3.3228667e+00  -1.8614855e+00   7.0874415e-01   8.0352950e-01  -3.7297002e-01   3.7000000e-02
  -8.9592037e+00   9.4671539e+00  -7.4120571e+00  -1.1550702e+01  -1.2656544e+01  -9.4425569e-01  -1.6685232e+00   8.1665250e-02  -1.1553050e+00   1.8035559e-02   1.3870000e-01
   6.5462983e+00   8.5818871e-01  -8.8704060e+00   1.6455514e+00  -8.8935549e+00  -1.7794895e+00   2.3743414e+00   1.5116199e+00   6.2597461e-01  -1.3076734e-01   1.0420000e-01
   2.0891855e+01   2.2970716e+00   8.8943691e-01   1.1794502e+01   6.0613530e+00  -1.0286059e+00  -3.4666479e-02   2.6487233e-01   8.6245590e-01  -2.7336296e-01   4.1700000e-02
   1.6492991e+01   1.7410827e+01  -8.5498461e+00  -2.8939534e+00   7.1209401e+00  -1.5305089e+00  -2.1932963e+00  -3.8002659e-01   6.8856702e-01  -4.7330445e-01   4.3900000e-02
   1.9831275e+01   8.0098363e+00   5.7712578e+00   1.0685934e+00   6.2505440e+00  -2.2946434e+00  -1.4562752e+00  -2.3951540e-02   4.4921461e-01  -4.5813518e-01   3.7700000e-02
  -4.3433273e+00   1.3801790e+01  -2.2827612e+00   4.5141012e+00  -8.7463937e+00  -1.0743354e+00  -9.0718105e-01   8.7185011e-02  -4.7168040e-01   6.7593905e-01   7.1300000e-02
   2.0901570e+01  -2.8004876e+00   8.9220085e+00   6.8117209e+00   7.2956334e+00  -3.0543385e+00  -1.9103158e+00   4.6101943e-02  -3.6250758e-01   6.7055994e-01   4.5400000e-02
   2.1440982e+01   1.3176616e+01   1.7543813e-01   3.5397282e-01   6.4577160e+00   6.6942301e-01  -1.6206453e+00  -1.4367800e-02   2.5609439e-01  -4.6598706e-01   3.9200000e-02
  -4.2065642e+00   1.8130389e+01  -4.5120552e+00  -1.4248642e+01  -1.1970937e+01  -1.5474627e+00   6.1968393e-01   1.3766196e+00   9.7049093e-02   9.3066145e-02   6.6800000e-02
  -5.9957437e+00   1.7481314e+01  -9.7423419e-01  -3.9370381e+00  -1.2746513e+01   1.6488026e-01   1.6139117e+00   7.5670893e-01   4.6203738e-01   7.0845016e-01   1.2540000e-01
   1.6544719e+01   5.7037829e+00   6.1957812e-01   4.4507490e+00   8.0040828e+00  -4.2471185e-01  -2.1628847e+00  -5.2916361e-01   5.3560010e-01  -2.2986915e-01   4.0300000e-02
   2.5201043e+01  -2.5517354e+01  -1.4169948e+00   1.1302454e+01  -2.6247638e+00  -1.4503082e+00  -7.3719369e-01   4.4151772e-01   4.6021232e-01   2.8006984e-02   3.4500000e-02
   2.2822477e+01   1.2224496e+00   3.9341277e+00   9.5796309e+00   4.8826339e+00  -2.2128868e+00  -1.9155475e+00  -1.0610940e+00  -6.3228036e-01  -2.7692573e-01   5.7400000e-02
   2.1646798e+01  -6.2154376e-01   4.8864565e+00   2.3138787e+00   8.7633931e+00  -1.8900331e+00  -1.2738800e+00  -4.3568377e-01   9.6609947e-01  -3.8518416e-01   4.2100000e-02
   1.7583935e+01   1.2170926e+01   1.9555063e+00   6.1583584e+00   4.9410266e+00  -1.5553513e+00  -1.2531721e+00   1.6356717e+00  -3.9438924e-01   5.4139244e-01   5.7300000e-02
   2.1258212e+01  -8.1992506e+00   7.8270599e+00   1.4133766e+01   8.4399506e+00  -3.7436488e+00  -9.2334746e-01   5.2744882e-03   6.8005608e-01   3.6139344e-01   4.1900000e-02
   2.5664943e+01  -2.5306361e+01  -2.6206479e+00   1.0031357e+00  -5.1256445e+00  -1.8552386e+00  -1.0149605e+00  -7.1923327e-01   3.3972366e-01   1.5826865e-01   4.0300000e-02
   2.7382766e+01   1.0503138e+01   1.9555313e+00   1.3862265e+01   7.0847670e+00  -3.0161335e+00   9.4053047e-02  -6.1918547e-01   1.0995170e+00  -4.5306690e-01   4.7300000e-02
   2.2131457e+01   9.2761024e+00  -8.3737411e+00   6.0472775e-01   5.8628582e+00  -1.6487553e+00  -1.5082944e+00  -6.2062349e-01   8.0198002e-01  -1.1520234e-01   4.9100000e-02
  -1.5246118e+01  -3.0102744e+00  -1.5712980e+00  -1.2938371e+01   4.5998545e+00  -2.3344602e+00  -3.0971841e+00   1.7750663e+00   3.3377270e-01   2.2605542e-01   1.1560000e-01
   1.8946666e+01   4.6060937e+00   8.4576413e+00   1.1712177e+01   6.4313549e+00  -1.2211980e+00  -3.0383338e+00   1.6965304e+00   1.0997000e+00  -2.3259667e-01   7.2300000e-02
   2.5834812e+01   1.0694818e+01   1.5908838e+00   6.4938239e+00   8.2783906e+00  -1.7914259e+00  -3.0264493e+00  -7.1653067e-01   9.9654823e-01  -1.5719556e-02   7.8500000e-02
   2.6154980e+01  -9.6517176e+00   6.0538156e+00   5.6821084e+00   8.7983186e+00  -2.8109628e+00  -2.4097701e+00   7.2468467e-01   6.9484452e-01   3.9414990e-01   5.1500000e-02
   2.2087251e+01   4.3351307e+00   7.6640373e+00   1.3248170e+01   8.5891930e+00  -3.6606371e+00  -5.9492641e-01  -7.4445928e-01   2.2023408e-01  -2.4315111e-01   4.2000000e-02
  -1.8283695e+00  -2.5387536e+00   1.2399793e-02  -5.2705127e-01   8.8324244e-01   5.5617232e-01  -3.1297009e+00   1.3873712e+00   1.0012681e-01  -2.4651165e-01   3.4600000e-02
