-1.401499999999994755e-06
-6.590620000000000809e-04
-1.104213679999999987e-04
-4.499378740000000028e-04
-1.191786920000000027e-04
-2.626615190000000113e-04
-8.628511900000000365e-05
-8.158151600000000192e-05
-3.186148000000000517e-05
7.943690900000000303e-05
3.107185700000000556e-05
2.177687519999999964e-04
1.930786979999999861e-04
5.028351129999999612e-04
9.072184089999999921e-04
1.659716659999999847e-03
1.733007454000000088e-03
2.889961905999999768e-03
2.668008179000000077e-03
4.189342211000000003e-03
3.709773544999999968e-03
5.553631128000000201e-03
4.855876480000000106e-03
6.978599090999999463e-03
6.103869413999999695e-03
8.460019212000000066e-03
7.451314084000000212e-03
9.993661107999998738e-03
8.895771288000000818e-03
1.157529706500000019e-02
1.043479120600000060e-02
1.320069794200000139e-02
1.206595342700000038e-02
1.486563353100000054e-02
1.378678732599999956e-02
1.656587347499999946e-02
1.559487198400000101e-02
1.829718955999999966e-02
1.748774671699999950e-02
2.005535160100000228e-02
1.946299081299999664e-02
2.183613062899999666e-02
2.151814386900000042e-02
2.363529668399999908e-02
2.365076560900000041e-02
2.544862098299999903e-02
2.585842599600000208e-02
2.727187462800000073e-02
2.813867504799999822e-02
2.910082777499999745e-02
3.048906296800000040e-02
3.093125149799999876e-02
3.290716995299999836e-02
3.275891581599999630e-02
3.539052634099999761e-02
3.457959367299999476e-02
3.793672236699999895e-02
3.638905297600000116e-02
4.054328828699999693e-02
3.818306459500000333e-02
4.320779431099999734e-02
3.995740038400000249e-02
4.592781057599999717e-02
4.170783119000000261e-02
4.807348792500001217e-02
4.304640283299999981e-02
5.014542566200000384e-02
4.430142218400000276e-02
5.248013342999999914e-02
4.566554967700000439e-02
5.506055136099999303e-02
4.711089426700000582e-02
5.786929949700000270e-02
4.861202665699999870e-02
6.088867796799999482e-02
5.014588780899999904e-02
6.410070673800001562e-02
5.169170653799999571e-02
6.748721386000000599e-02
5.323090284199999411e-02
7.102988026400000598e-02
5.474700659699999888e-02
7.471027190199999723e-02
5.622556188000000371e-02
7.850991174999999433e-02
5.765404372400000782e-02
8.241031973999998761e-02
5.902176524499999632e-02
8.639307579599998788e-02
6.031979249500000334e-02
9.043986292000000260e-02
6.154085263400000533e-02
9.453252502699999171e-02
6.267924559099999349e-02
9.865311809900001450e-02
6.373075535899999644e-02
1.027839650500000090e-01
6.469256487400000533e-02
1.069076851400000000e-01
6.556315994399999902e-02
1.110073048500000020e-01
6.634224640799998851e-02
1.150662346100000122e-01
6.703065914000000403e-02
1.190683836500000120e-01
6.763027298800000642e-02
1.229981627600000016e-01
6.814391685800001708e-02
1.268405812700000024e-01
6.857527871400000141e-02
1.305812591499999897e-01
6.892882361299999816e-02
1.342065262899999889e-01
6.920970069400000924e-02
1.377034232300000105e-01
6.942365614299998711e-02
1.410597896599999901e-01
6.957694334800000602e-02
1.442642859099999841e-01
6.967623469599999730e-02
1.473064922400000032e-01
6.972853362500000540e-02
1.501769189599999887e-01
6.974108256299998976e-02
1.519908669099999943e-01
6.973101421399999222e-02
1.528670659900000228e-01
6.972127777299999551e-02
1.537224052899999749e-01
6.970877648200000942e-02
1.545566248000000142e-01
6.969378436200000804e-02
1.553694942300000159e-01
6.967657939599999906e-02
1.561607937599999996e-01
6.965743557499999572e-02
1.569303133600000177e-01
6.963662491899999529e-02
1.576778629199999948e-01
6.961442039300000384e-02
1.584032626400000143e-01
6.959109099299999601e-02
1.591063426599999830e-01
6.956690266699999681e-02
1.597869724999999852e-01
6.954212050000001255e-02
1.604450025300000193e-01
6.951700439200000914e-02
1.610803225899999913e-01
6.949181237100000852e-02
1.616928325599999994e-01
6.946679638599999318e-02
1.622824524400000024e-01
6.944220542500000037e-02
1.628491025000000092e-01
6.941828449999999651e-02
1.633927325800000052e-01
6.939527258399999510e-02
1.639133128200000178e-01
6.937340166699999811e-02
1.644108125900000106e-01
6.935290171900000689e-02
1.648852425900000085e-01
6.933399276000000444e-02
1.653366026499999697e-01
6.931689074999999867e-02
1.654202827600000092e-01
6.931029775100000512e-02
1.655031227699999830e-01
6.929670875099999683e-02
1.655845225500000018e-01
6.927622172000000300e-02
1.656639125199999840e-01
6.924897969500000416e-02
1.657407525200000065e-01
6.921517465500000299e-02
1.658144726499999611e-01
6.917504564699998582e-02
1.658845725299999962e-01
6.912887459399999490e-02
1.659505625799999884e-01
6.907698758000001271e-02
1.660119526400000156e-01
6.901974953200000484e-02
1.660683326200000087e-01
6.895756349100000404e-02
1.661193023800000279e-01
6.889086848400001462e-02
1.661645024499999734e-01
6.882013346799999154e-02
1.662036024100000120e-01
6.874585845000001638e-02
1.662363325900000077e-01
6.866856544199999302e-02
1.662624724400000031e-01
6.858879844099999290e-02
1.662818324400000269e-01
6.850712144099999068e-02
1.662942725300000091e-01
6.842410845599999902e-02
1.662980924999999943e-01
6.825641949999999847e-02
-1.401499999999994755e-06
-6.590620000000000809e-04
2.114030539999999826e-04
-7.607107849999999527e-04
3.988680860000000123e-04
-7.629242899999999277e-04
5.786930870000000018e-04
-7.237378370000000297e-04
7.377174430000000031e-04
-6.637256879999999535e-04
8.737710499999999832e-04
-5.960019080000000325e-04
1.162278038999999940e-03
-4.184014860000000581e-04
2.370345500000000001e-03
3.798949999999999940e-04
3.685908878000000288e-03
1.302898592000000053e-03
5.107092677000000039e-03
2.340028683999999942e-03
6.631961775000000392e-03
3.481202802999999908e-03
8.258570491999999569e-03
4.716806954999999690e-03
9.984911776999999891e-03
6.037681472999999015e-03
1.180892717599999961e-02
7.435098806000000476e-03
1.372851697599999921e-02
8.900746975000000186e-03
1.574150051599999822e-02
1.042670643599999912e-02
1.784565657299999955e-02
1.200544066699999954e-02
2.003869383799999904e-02
1.362977220000000100e-02
2.231827110500000239e-02
1.529287163400000135e-02
2.468193741099999894e-02
1.698823791299999830e-02
2.712720212499999950e-02
1.870968805900000143e-02
2.965149498299999783e-02
2.045134023800000006e-02
3.225213591599999929e-02
2.220760163300000353e-02
3.492639511099999289e-02
2.397315338399999898e-02
3.767142290900000329e-02
2.574294261099999842e-02
4.048431957899999850e-02
2.751216732799999926e-02
4.336204557699999823e-02
2.927626852000000252e-02
4.630149120999999673e-02
3.103091709199999951e-02
4.929943679800000145e-02
3.277200890899999164e-02
5.235256254800000481e-02
3.449565380500000528e-02
5.545743867399999943e-02
3.619816563300000400e-02
5.861052524400000435e-02
3.787606227299999961e-02
6.180818235799999394e-02
3.952605063200000102e-02
6.504662993700000007e-02
4.114502555200000994e-02
6.832199802399999133e-02
4.273006499700000849e-02
7.163026856699999945e-02
4.427842590899998959e-02
7.496731850099999650e-02
4.578753525899999927e-02
7.832889379099999827e-02
4.725499604899999900e-02
8.171061037900000101e-02
4.867857632500000031e-02
8.510795514400000539e-02
5.005621414600000540e-02
8.851628109499999619e-02
5.138601258000000116e-02
9.193080618600001086e-02
5.266624075799999916e-02
9.534660931000001061e-02
5.389533565400000253e-02
9.875862950999998724e-02
5.507190037200000027e-02
1.021616645509999949e-01
5.619470989799999622e-02
1.055503648700000102e-01
5.726270920300000067e-02
1.089192449799999823e-01
5.827501931199999957e-02
1.122626549900000020e-01
5.923094303600000277e-02
1.155748049499999985e-01
6.012996339999999301e-02
1.188497545500000058e-01
6.097175625100000051e-02
1.220814043500000057e-01
6.175619049800000482e-02
1.252634935699999952e-01
6.248333813699999406e-02
1.283896220799999877e-01
6.315348206499998840e-02
1.314532007299999972e-01
6.376712032999999613e-02
1.344475287399999885e-01
6.432497890100000171e-02
1.373656863799999905e-01
6.482802091200000338e-02
1.402006235200000117e-01
6.527745249699999641e-02
1.429451303199999745e-01
6.567474085200000755e-02
1.455918169800000106e-01
6.602161726899999361e-02
1.481331135900000040e-01
6.632009698900000194e-02
1.505613105699999954e-01
6.657248833200000993e-02
1.528685080499999904e-01
6.678140649799998996e-02
1.543354462499999802e-01
6.689797083100000596e-02
1.550466557100000087e-01
6.694978870700001028e-02
1.557426051099999875e-01
6.699746368400000263e-02
1.564229844799999991e-01
6.704112477399999659e-02
1.570874939600000186e-01
6.708090798300000990e-02
1.577358236699999972e-01
6.711694932899998911e-02
1.583676431999999634e-01
6.714939376399998994e-02
1.589826329100000046e-01
6.717838930100000772e-02
1.595804928200000306e-01
6.720408694799999416e-02
1.601608826599999758e-01
6.722664568400001095e-02
1.607234824999999867e-01
6.724622750000000537e-02
1.612679725199999969e-01
6.726299839600000108e-02
1.617940124199999941e-01
6.727713131600000784e-02
1.623012823600000210e-01
6.728880331700000383e-02
1.627894424399999873e-01
6.729819535900000149e-02
1.632581624100000184e-01
6.730549642000001331e-02
1.637071025000000069e-01
6.731089850000000763e-02
1.641359124600000052e-01
6.731460058299999771e-02
1.645442724700000026e-01
6.731680470899999158e-02
1.649318227000000081e-01
6.731772179599999906e-02
1.652982228200000070e-01
6.731756489599999282e-02
1.653820926900000099e-01
6.732094090300000389e-02
1.654653827700000301e-01
6.733133991499999638e-02
1.655475127800000168e-01
6.734868691499999727e-02
1.656278929800000244e-01
6.737286093399999509e-02
1.657059625999999786e-01
6.740369192699999235e-02
1.657811827299999763e-01
6.744096090799998888e-02
1.658530026299999960e-01
6.748440688000000021e-02
1.659209227900000083e-01
6.753372285900000049e-02
1.659844728900000121e-01
6.758856183500000503e-02
1.660432027000000310e-01
6.764853780200000277e-02
1.660966926899999918e-01
6.771322676400001739e-02
1.661445726200000139e-01
6.778217372700001686e-02
1.661864927299999961e-01
6.785489367499999980e-02
1.662221724900000142e-01
6.793087365000000100e-02
1.662513526600000180e-01
6.800957759700000660e-02
1.662738324800000222e-01
6.809045156699999879e-02
1.662894424099999879e-01
6.817292652899999139e-02
1.662980924999999943e-01
6.825641949999999847e-02
