-4.958892804984000148e-04
-3.484009518999999703e-04
-5.559966778370999336e-04
-3.143695601000000154e-04
-6.101986048345000311e-04
-2.769378141000000270e-04
-6.579632888317999643e-04
-2.364730159000000232e-04
-6.988221931659000354e-04
-1.933722743999999869e-04
-7.323745546660999882e-04
-1.480585543999999860e-04
-7.582913898310999308e-04
-1.009765498099999946e-04
-7.763186966650998657e-04
-5.258829566999999734e-05
-7.862799559977000276e-04
-3.368630021600000215e-06
-7.880778416677000370e-04
4.619946169999999828e-05
-7.816951875038999960e-04
9.562960153999999671e-05
-7.671951890002999238e-04
1.444367966999999826e-04
-7.447206686656000340e-04
1.921422014999999990e-04
-7.144928123321000807e-04
2.382778312999999564e-04
-6.768088833337999747e-04
2.823911407000000455e-04
-6.336716666999997168e-04
3.247240000000001388e-04
-4.513675799989999896e-04
4.716661401999999725e-04
-4.116345714111500009e-05
8.012978588999999192e-04
5.473550653345999467e-04
1.272092851000000127e-03
1.293502149850000223e-03
1.865550700999999909e-03
2.184600861680000006e-03
2.569411368000000008e-03
3.211820386673000256e-03
3.374339333000000041e-03
4.368570755011999540e-03
4.272659827000000431e-03
5.649717376678999904e-03
5.257749146000000214e-03
7.051140631669000104e-03
6.323699161000000124e-03
8.569464836635998922e-03
7.465115920000000259e-03
1.020187908176400232e-02
8.676989653999999524e-03
1.194601417842999953e-02
9.954609052999999902e-03
1.379985270683999933e-02
1.129349854000000208e-02
1.576166278307000040e-02
1.268937897000000162e-02
1.782994614655000060e-02
1.413813129999999876e-02
2.000339820007999980e-02
1.563577646000000043e-02
2.228087625003000172e-02
1.717845395999999941e-02
2.466136916699000065e-02
1.876241018999999857e-02
2.714398139969999638e-02
2.038398704000000256e-02
2.972790748362999849e-02
2.203960919000000004e-02
3.241241946636999605e-02
2.372578470999999953e-02
3.519685361657000355e-02
2.543908959000000178e-02
3.808059514997000350e-02
2.717617120999999900e-02
4.106306875008999824e-02
2.893373844999999958e-02
4.414372686620999381e-02
3.070856209000000225e-02
4.732204719989999836e-02
3.249746643000000351e-02
5.059751351680999432e-02
3.429733593999999969e-02
5.396962034983000811e-02
3.610510301000000033e-02
5.743786389999000486e-02
3.791774414000000093e-02
6.100186794983000066e-02
3.973218744000000385e-02
6.466134878350000836e-02
4.154531570000000174e-02
6.841605069977998999e-02
4.335400271999999972e-02
7.226575248356001402e-02
4.515509823000000283e-02
7.621020768331999984e-02
4.694545850999999603e-02
8.024910181670000253e-02
4.872197953000000081e-02
8.430007580039000636e-02
5.044767590000000246e-02
8.827964203358999729e-02
5.208975957999999878e-02
9.218578220006000412e-02
5.365135932999999524e-02
9.601648291667999602e-02
5.513553779000000127e-02
9.976976961561999369e-02
5.654526376999999965e-02
1.034437400660000034e-01
5.788337584000000091e-02
1.070365496125999932e-01
5.915260096000000273e-02
1.105464374340000000e-01
6.035551715999999678e-02
1.139717267321000010e-01
6.149454330000000274e-02
1.173107706997000010e-01
6.257198741000000175e-02
1.205620587002999983e-01
6.358992164999999197e-02
1.237240663485999898e-01
6.455032775000001111e-02
1.267953274497000127e-01
6.545501033999999441e-02
1.297744874011000082e-01
6.630551624000000088e-02
1.326600515842999983e-01
6.710340537000000771e-02
1.354503574488999940e-01
6.785027568999998926e-02
1.381435857810000001e-01
6.854775815999999966e-02
1.407377543660999764e-01
6.919750991999999712e-02
1.432307195176999726e-01
6.980120540999999734e-02
1.456201682851999968e-01
7.036052750999999272e-02
1.479036025664000054e-01
7.087715736999998517e-02
1.500783250991000184e-01
7.135276221000000363e-02
1.521414108307000135e-01
7.178898277999999633e-02
1.540896695618999834e-01
7.218741489999999650e-02
1.559196011187000130e-01
7.254959450000000865e-02
1.576273225515000265e-01
7.287697264000000952e-02
1.592084760684000233e-01
7.317089239000000578e-02
1.606580960180999940e-01
7.343255044999999481e-02
1.619704096325999820e-01
7.366295473000000760e-02
1.631385352841999981e-01
7.386285934000000331e-02
1.641539850675000078e-01
7.403266979000000525e-02
1.650057765504000240e-01
7.417227786999998351e-02
1.656786023676000141e-01
7.428074475000000232e-02
1.661480830172000211e-01
7.435551073000000455e-02
1.663568633400000218e-01
7.438854400000000089e-02
1.664929583507999966e-01
7.441495618999999229e-02
1.665746417184000294e-01
7.442293197999999554e-02
1.666572476690000026e-01
7.442598158000000852e-02
1.667399499816000219e-01
7.442407309000000082e-02
1.668219304974999651e-01
7.441722492999999772e-02
1.669023579991999739e-01
7.440550652999999848e-02
1.669804386650999839e-01
7.438903539999999759e-02
1.670553860020000114e-01
7.436797375999999737e-02
1.671264691644999967e-01
7.434253308000000893e-02
1.671929620000999761e-01
7.431296617999999521e-02
1.672542130044999964e-01
7.427956952000000501e-02
1.673095971688000061e-01
7.424267452000000989e-02
1.673585851651000211e-01
7.420265007000000079e-02
1.674006825032000045e-01
7.415989525999999721e-02
1.674354410016999917e-01
7.411483707999999559e-02
-4.958892804984000148e-04
-3.484009518999999703e-04
-4.304661956641999657e-04
-3.786980442999999868e-04
-3.603693625029999806e-04
-4.049635737999999650e-04
-2.862866401646000031e-04
-4.269398609999999609e-04
-2.089449965012000218e-04
-4.444113557000000238e-04
-1.291034006815000102e-04
-4.572067245999999964e-04
-4.754532916670000032e-05
-4.652005712000000372e-04
3.492890524962999869e-05
-4.683146437999999669e-04
1.175100252161999961e-04
-4.665186088000000176e-04
1.993877413312999838e-04
-4.598303441999999843e-04
2.797587341681999893e-04
-4.483157576999999847e-04
3.578344963324000009e-04
-4.320881610999999993e-04
4.328491310002999790e-04
-4.113071126000000409e-04
5.040668595002999880e-04
-3.861768797000000300e-04
5.707892223343999545e-04
-3.569444105000000298e-04
6.336716666999997168e-04
-3.247240000000001388e-04
8.466732775021999736e-04
-1.942798897000000077e-04
1.325515454522999950e-03
9.831861130000000247e-05
2.011461840040999847e-03
5.161983715000000809e-04
2.879369813353999715e-03
1.042936607400000038e-03
3.913324203322000004e-03
1.667659687000000012e-03
5.101800113351999746e-03
2.382101710999999945e-03
6.435806653356000023e-03
3.179483986000000272e-03
7.907983700016000400e-03
4.053976459999999830e-03
9.512101081712000250e-03
5.000402152999999968e-03
1.124275210840999968e-02
6.014059975000000426e-03
1.309515522654999993e-02
7.090612104999999624e-03
1.506501879486999915e-02
8.226009059000000470e-03
1.714844564159000162e-02
9.416437526999998919e-03
1.934186239981999789e-02
1.065828391799999823e-02
2.164197025012000106e-02
1.194810796999999820e-02
2.404570256658000033e-02
1.328262132000000012e-02
2.655019376643999798e-02
1.465867451999999967e-02
2.915276141666999984e-02
1.607324515999999925e-02
3.185088146661999714e-02
1.752342578999999817e-02
3.464217493354000699e-02
1.900642245999999841e-02
3.752439965016000911e-02
2.051954217000000191e-02
4.049543360014000448e-02
2.206019211999999882e-02
4.355327749999000214e-02
2.362587316999999881e-02
4.669603698323000068e-02
2.521417786999999994e-02
4.992192885029000243e-02
2.682278348000000090e-02
5.322927048329000044e-02
2.844945076999999892e-02
5.661647944988999065e-02
3.009202124000000256e-02
6.008207115009000371e-02
3.174841159999999829e-02
6.362464528342000325e-02
3.341662033999999448e-02
6.724276788330998955e-02
3.509481119999999926e-02
7.093498624999000635e-02
3.678130844999999427e-02
7.469989930022000180e-02
3.847454990000000186e-02
7.853613404993999014e-02
4.017310587000000321e-02
8.244240718358999964e-02
4.187563650000000054e-02
8.641756484967999530e-02
4.358085807999999978e-02
9.038064295018000127e-02
4.525446243999999701e-02
9.425180559979000339e-02
4.686453964000000111e-02
9.803160139996999756e-02
4.841332876999999979e-02
1.017205143682999996e-01
4.990288252999999785e-02
1.053189288016000147e-01
5.133510583999999904e-02
1.088270849513999911e-01
5.271180562000000319e-02
1.122450926841000035e-01
5.403468451000000700e-02
1.155729023513999976e-01
5.530538717999999854e-02
1.188102882828000056e-01
5.652552054999999270e-02
1.219569064828000121e-01
5.769661363000000431e-02
1.250121702185000017e-01
5.882024599000000575e-02
1.279753946177999979e-01
5.989791065999999775e-02
1.308457182171999800e-01
6.093110424999999969e-02
1.336220267676000162e-01
6.192141101999999037e-02
1.363031990486999745e-01
6.287023316999999778e-02
1.388881125007999928e-01
6.377876708999999367e-02
1.413756163374999819e-01
6.464800822000001113e-02
1.437645094001999968e-01
6.547875493000000768e-02
1.460535130157999684e-01
6.627161488999999683e-02
1.482412484660000085e-01
6.702700571000000385e-02
1.503262050822000151e-01
6.774516022000000304e-02
1.523067095161000084e-01
6.842612522000000863e-02
1.541808895028000115e-01
6.906976079999999074e-02
1.559466294050000090e-01
6.967573862999999756e-02
1.576015154667999851e-01
7.024353153999998711e-02
1.591427688022000186e-01
7.077240033999999957e-02
1.605671562167000077e-01
7.126137399000001538e-02
1.618708600296999978e-01
7.170921700999999260e-02
1.630493033369999900e-01
7.211437564999999272e-02
1.640968731176999929e-01
7.247489162999999623e-02
1.650064766692000140e-01
7.278825666000000860e-02
1.657687400177000059e-01
7.305114761000000567e-02
1.663703788994000121e-01
7.325886601999999359e-02
1.667899457012000097e-01
7.340387272999999990e-02
1.669764999799999705e-01
7.346840600000001387e-02
1.671045656662999979e-01
7.350648274000000371e-02
1.671725325018999786e-01
7.353474392999999332e-02
1.672354713336999810e-01
7.356693308999999459e-02
1.672927541646000160e-01
7.360273032000000382e-02
1.673437971642000033e-01
7.364177930000000150e-02
1.673880984993000032e-01
7.368368974000000238e-02
1.674252225001000016e-01
7.372804594000000045e-02
1.674547923343999989e-01
7.377440483000001492e-02
1.674765011691999872e-01
7.382230329999998897e-02
1.674901528315999588e-01
7.387126577000001360e-02
1.674955966708999988e-01
7.392080304999999740e-02
1.674927768289999896e-01
7.397042064999999333e-02
1.674817323363000099e-01
7.401962449000001887e-02
1.674625486677999986e-01
7.406792430999999122e-02
1.674354410016999917e-01
7.411483707999999559e-02
