2.759699999999999480e-04
8.955904999999999899e-04
2.876520000000000032e-04
9.516834999999999965e-04
3.227269999999999748e-04
1.019925500000000039e-03
3.806249999999999955e-04
1.100539499999999941e-03
4.609879999999999577e-04
1.193692999999999794e-03
5.636810000000001212e-04
1.299386499999999984e-03
6.888530000000000130e-04
1.417500999999999831e-03
8.368279999999998558e-04
1.547842000000000228e-03
1.421336000000000257e-03
2.010093000000000123e-03
1.929456999999999657e-03
2.376304000000000090e-03
2.531279999999999902e-03
2.788740000000000056e-03
3.224606999999999994e-03
3.247455999999999694e-03
4.007428999999999852e-03
3.752160500000000214e-03
4.878097000000000509e-03
4.302105999999999986e-03
5.835197999999999774e-03
4.896273000000000465e-03
6.905032000000000184e-03
5.550125500000000107e-03
8.298208999999999100e-03
6.387261999999999454e-03
9.784627000000000602e-03
7.267637499999999272e-03
1.116670500000000073e-02
8.078998999999999903e-03
1.257116299999999978e-02
8.892945499999999059e-03
1.405772699999999903e-02
9.746928000000000189e-03
1.561034700000000011e-02
1.063075500000000041e-02
1.723315699999999895e-02
1.154729250000000040e-02
1.896724800000000252e-02
1.251920999999999937e-02
2.072423400000000110e-02
1.349739749999999926e-02
2.295816300000000018e-02
1.472858399999999943e-02
2.484996100000000027e-02
1.576651650000000099e-02
2.719857800000000103e-02
1.704652000000000250e-02
2.921376999999999655e-02
1.813524149999999960e-02
3.137998200000000071e-02
1.929892549999999776e-02
3.350235100000000660e-02
2.042654949999999844e-02
3.572766100000000083e-02
2.159750000000000211e-02
3.795889199999999408e-02
2.276148799999999986e-02
4.072362999999999678e-02
2.418458449999999829e-02
4.303634700000000257e-02
2.536512849999999694e-02
4.538728600000000585e-02
2.655379399999999862e-02
4.826127300000000037e-02
2.799263050000000419e-02
5.068665399999999766e-02
2.919392250000000036e-02
5.314135799999999965e-02
3.039839049999999709e-02
5.568069900000000710e-02
3.163223899999999950e-02
5.831924800000000408e-02
3.290525800000000667e-02
6.084744899999999790e-02
3.411121699999999923e-02
6.393682900000000058e-02
3.556768600000000113e-02
6.649839000000000444e-02
3.676620199999999783e-02
6.908870399999998690e-02
3.796821699999999855e-02
7.167125099999999138e-02
3.915545349999999952e-02
7.478960599999999459e-02
4.057482050000000423e-02
7.744215399999999916e-02
4.176783700000000210e-02
8.004041400000000417e-02
4.292434149999999754e-02
8.263954499999999481e-02
4.406830650000000821e-02
8.592955299999999186e-02
4.549743950000000037e-02
8.852153299999999947e-02
4.660919399999999962e-02
9.110583299999998330e-02
4.770565799999999801e-02
9.367922199999999255e-02
4.878646150000000292e-02
9.629051699999999214e-02
4.987251749999999789e-02
9.935093699999998640e-02
5.113382500000000080e-02
1.018676710000000069e-01
5.216207800000000061e-02
1.043819999999999887e-01
5.318201399999999274e-02
1.068507300000000049e-01
5.417497999999999758e-02
1.097770419999999914e-01
5.533859650000000352e-02
1.121830459999999946e-01
5.628828000000000303e-02
1.147190079999999973e-01
5.728213750000000354e-02
1.171062519999999940e-01
5.820528550000000217e-02
1.194148140000000080e-01
5.908926750000000061e-02
1.216879920000000087e-01
5.995048549999999754e-02
1.243802989999999997e-01
6.095847149999999992e-02
1.265696699999999952e-01
6.176764850000000112e-02
1.287182649999999984e-01
6.255241999999999747e-02
1.312267950000000072e-01
6.345382550000000510e-02
1.332989519999999983e-01
6.419091250000000248e-02
1.353398370000000184e-01
6.490618700000000407e-02
1.372967150000000136e-01
6.558370800000000445e-02
1.393442609999999970e-01
6.628561550000000580e-02
1.411966179999999960e-01
6.690998099999999338e-02
1.433597649999999724e-01
6.762943500000000163e-02
1.450909129999999880e-01
6.819701900000001149e-02
1.470743579999999884e-01
6.883577550000001544e-02
1.486760029999999733e-01
6.934705549999999052e-02
1.502414059999999940e-01
6.984001450000000555e-02
1.517176919999999873e-01
7.029972000000000998e-02
1.531298620000000055e-01
7.073376700000000294e-02
1.544910369999999977e-01
7.114697100000000329e-02
1.557708600000000387e-01
7.152919950000000138e-02
1.570754289999999886e-01
7.191495200000000421e-02
1.584406419999999927e-01
7.230816699999999264e-02
1.596837029999999824e-01
7.265585550000000503e-02
1.606674219999999764e-01
7.292651449999999758e-02
1.615620259999999975e-01
7.316788899999999984e-02
1.623826829999999721e-01
7.338407299999999411e-02
1.631286049999999821e-01
7.357503800000000926e-02
1.637995740000000033e-01
7.374036350000000295e-02
1.643960870000000241e-01
7.387922299999999387e-02
1.649192120000000095e-01
7.399041299999999100e-02
1.657509560000000048e-01
7.412454949999999765e-02
1.659149350000000134e-01
7.413899000000000183e-02
1.660613140000000154e-01
7.414576700000000131e-02
1.661899750000000175e-01
7.414495250000001370e-02
1.663006510000000215e-01
7.413670999999999456e-02
1.663930660000000061e-01
7.412122449999999918e-02
1.664669480000000035e-01
7.409870699999998589e-02
1.665220209999999923e-01
7.406938899999999937e-02
2.759699999999999480e-04
8.955904999999999899e-04
3.252589999999999973e-04
8.190994999999999526e-04
3.868300000000000080e-04
7.986560000000000187e-04
4.728329999999999231e-04
7.903604999999999962e-04
5.827710000000000485e-04
7.946165000000001127e-04
7.160969999999999575e-04
8.117865000000000584e-04
8.722909999999999735e-04
8.421659999999999867e-04
1.051080000000000243e-03
8.858664999999999725e-04
1.723411999999999904e-03
1.095324500000000121e-03
2.287010999999999818e-03
1.297418000000000052e-03
2.943877000000000126e-03
1.547131000000000201e-03
3.693097000000000220e-03
1.843451500000000028e-03
4.533070000000000155e-03
2.185784000000000078e-03
5.466547999999999893e-03
2.574791000000000319e-03
6.739420000000000306e-03
3.116218500000000197e-03
8.167152000000000439e-03
3.734754499999999588e-03
9.398025000000000823e-03
4.273471499999999777e-03
1.071126199999999917e-02
4.853044999999999408e-03
1.210489099999999957e-02
5.472356999999998875e-03
1.358372299999999894e-02
6.132938000000000105e-03
1.520043599999999946e-02
6.857768500000000801e-03
1.716103199999999968e-02
7.741178999999999942e-03
1.927356900000000081e-02
8.693456500000000184e-03
2.112221600000000268e-02
9.526587000000001290e-03
2.299302399999999733e-02
1.036808050000000148e-02
2.493944300000000211e-02
1.124143150000000112e-02
2.703215099999999732e-02
1.217744649999999949e-02
2.952084999999999779e-02
1.328701500000000098e-02
3.165764800000000351e-02
1.423574200000000088e-02
3.434352900000000458e-02
1.542332299999999920e-02
3.660743300000000172e-02
1.642207050000000015e-02
3.896473400000000781e-02
1.745956400000000033e-02
4.142094800000001298e-02
1.853928350000000336e-02
4.380698900000000451e-02
1.958634450000000179e-02
4.672272199999999431e-02
2.086509300000000122e-02
4.918358000000000452e-02
2.194362750000000001e-02
5.223333399999999932e-02
2.327822200000000119e-02
5.475212700000000460e-02
2.438139849999999831e-02
5.742297899999999899e-02
2.555221850000000128e-02
6.004593899999999956e-02
2.669916350000000119e-02
6.262584200000000101e-02
2.782577599999999651e-02
6.575041000000000913e-02
2.918750049999999790e-02
6.837648100000001672e-02
3.032924949999999883e-02
7.155420800000000803e-02
3.170410649999999553e-02
7.432199000000000444e-02
3.290416499999999911e-02
7.694979300000000244e-02
3.403944899999999940e-02
7.957615799999999406e-02
3.517336449999999837e-02
8.279050899999998436e-02
3.656096650000000697e-02
8.542024000000000838e-02
3.769779749999999791e-02
8.802096399999999321e-02
3.882257400000000552e-02
9.129503999999999397e-02
4.023986149999999457e-02
9.386182499999999596e-02
4.135241899999999443e-02
9.641074800000000444e-02
4.245774199999999277e-02
9.895935599999999832e-02
4.356360249999999962e-02
1.020317440000000075e-01
4.489501700000000234e-02
1.045116989999999996e-01
4.596917399999999460e-02
1.069666449999999991e-01
4.703153649999999852e-02
1.095507150000000068e-01
4.815106299999999395e-02
1.124264160000000012e-01
4.939064299999999796e-02
1.148061429999999994e-01
5.041816650000000011e-02
1.176093149999999921e-01
5.162680699999999678e-02
1.198939799999999972e-01
5.261138900000000146e-02
1.221828410000000004e-01
5.359738950000000890e-02
1.245417890000000138e-01
5.461577150000000019e-02
1.267065049999999971e-01
5.554916099999999968e-02
1.292544320000000024e-01
5.664844100000000077e-02
1.313201009999999946e-01
5.754228799999999699e-02
1.337516729999999876e-01
5.859663650000000029e-02
1.357116100000000103e-01
5.944940299999999789e-02
1.377610979999999707e-01
6.034438749999999907e-02
1.396472450000000032e-01
6.117066200000000065e-02
1.414661869999999932e-01
6.197047600000000350e-02
1.435343409999999820e-01
6.288412199999998675e-02
1.452130329999999914e-01
6.362854900000000646e-02
1.471660210000000080e-01
6.449762049999999136e-02
1.488388509999999665e-01
6.524528150000000193e-02
1.503454409999999963e-01
6.592212399999999861e-02
1.517757039999999835e-01
6.656750150000000088e-02
1.531661610000000229e-01
6.719829749999998991e-02
1.547047109999999948e-01
6.790189950000000141e-02
1.561860530000000191e-01
6.858144849999998904e-02
1.574341250000000081e-01
6.915746150000000314e-02
1.585324240000000051e-01
6.966946400000000039e-02
1.595522320000000160e-01
7.014906799999999498e-02
1.605061469999999879e-01
7.060169400000000650e-02
1.613937549999999999e-01
7.102689599999999215e-02
1.623638799999999882e-01
7.150059399999998677e-02
1.633108439999999828e-01
7.196356900000000500e-02
1.639708600000000238e-01
7.229418999999999429e-02
1.645526440000000257e-01
7.259281250000000629e-02
1.650635920000000090e-01
7.286376399999999753e-02
1.655022290000000007e-01
7.310769999999999769e-02
1.658671510000000182e-01
7.332536750000000214e-02
1.663718289999999989e-01
7.368403700000000778e-02
1.664506590000000008e-01
7.375797449999998978e-02
1.665104440000000074e-01
7.382564849999999346e-02
1.665511149999999996e-01
7.388705600000000651e-02
1.665726489999999893e-01
7.394217500000001275e-02
1.665749539999999973e-01
7.399100449999999884e-02
1.665580570000000094e-01
7.403342250000000124e-02
1.665220159999999949e-01
7.406939149999999805e-02
